1000 0 1000
798 8
239 8
817 5
865 10
819 10
456 1
637 6
493 5
-221 7
-63 10
99 4
-43 4
793 10
916 9
54 1
-598 8
-89 9
110 6
-929 5
216 5
-316 6
652 9
822 10
-877 3
-793 5
355 10
-410 7
21 10
187 6
808 7
-324 6
896 1
148 5
-70 9
-128 4
-865 7
-118 9
688 5
115 4
399 10
213 6
686 1
-328 5
-217 8
43 10
18 1
553 1
34 6
636 4
326 5
95 2
703 8
296 2
799 1
936 6
-301 10
-456 10
849 6
500 7
158 5
334 7
166 5
969 10
-21 7
245 2
-671 9
589 1
162 5
-161 3
-420 4
525 9
-555 6
-568 5
-301 10
-454 10
141 8
81 5
-360 9
-522 9
944 5
377 3
776 2
-904 2
395 1
-880 9
394 1
599 7
174 5
-499 4
660 1
-468 10
-613 7
-141 10
71 4
737 7
-138 1
682 9
-110 1
378 2
-554 5
-840 1
-479 10
996 8
698 9
-637 9
-263 7
-761 1
546 10
-776 10
864 9
154 4
-923 1
-941 6
661 6
-812 1
615 6
95 9
649 2
342 6
982 7
821 9
-747 2
363 3
687 4
-936 2
33 3
48 4
-960 8
-158 2
-628 1
484 6
461 6
-299 4
10 10
-656 6
-948 8
-168 9
519 5
-476 8
-988 6
-493 1
-551 3
-143 3
191 4
-132 2
516 3
-941 7
394 6
-663 8
-410 10
974 4
23 6
-954 1
-128 10
-644 8
204 8
-804 10
-133 6
-144 8
-280 2
522 3
253 6
-880 1
906 10
534 5
-833 4
479 7
641 2
153 5
-463 8
-839 4
590 2
-251 6
993 7
189 6
-473 2
661 2
563 1
714 5
-326 4
648 8
518 1
-663 5
-357 2
637 4
609 4
901 6
386 4
935 9
-959 2
385 1
-92 5
291 8
475 3
783 2
899 2
-608 6
851 4
-883 4
-780 9
-715 3
-255 6
-388 2
601 10
-501 2
157 2
652 3
-513 3
241 2
-633 7
216 9
925 6
-763 6
371 6
-859 4
525 2
566 5
-857 2
129 6
796 4
26 9
128 7
956 8
-980 3
734 4
594 1
-27 1
-656 2
444 2
118 3
724 4
737 9
-814 3
-831 2
-21 7
88 1
643 3
168 10
-119 2
-642 6
-349 6
-871 1
648 1
23 6
-364 5
-419 2
74 6
409 7
639 1
-340 2
982 10
-716 3
990 2
-741 4
-505 4
991 3
745 6
63 6
708 7
-869 5
-273 2
-9 2
697 3
-487 2
302 2
302 3
48 9
532 9
525 4
81 9
0 3
783 5
703 2
-580 7
917 5
-995 5
-331 4
866 10
384 3
-38 9
593 1
-629 5
-135 7
776 7
-601 7
-192 9
713 4
-499 5
287 5
-453 2
-887 2
-612 7
615 1
-141 3
649 7
-426 2
509 9
826 6
397 7
294 9
542 7
8 6
-1 7
-557 1
-344 7
-483 6
-191 4
778 5
-67 1
547 9
759 7
-711 1
-823 2
611 3
834 9
847 2
865 1
473 10
-969 7
676 7
-194 2
520 9
-391 2
-468 5
-418 8
-803 6
359 6
431 9
-894 2
69 1
-602 4
532 1
-45 7
141 2
-903 8
252 3
-849 9
474 2
481 1
896 6
349 2
-130 2
-197 10
624 3
-642 2
-627 8
-128 5
227 4
-686 9
-371 8
958 4
-992 10
-532 6
-460 4
-669 3
71 4
22 1
651 8
-694 3
-855 10
721 4
-58 7
707 6
-767 7
931 4
-679 7
-355 5
-582 7
416 3
-666 1
-496 8
869 2
683 4
-102 6
-926 3
-866 2
899 4
653 9
660 1
812 5
3 5
-254 10
731 9
625 9
-760 1
-496 3
-591 5
97 6
139 2
509 3
837 2
-894 6
184 5
-429 1
-457 4
90 5
380 6
382 4
664 7
90 7
-382 5
-438 4
141 2
457 6
530 5
-224 2
-914 7
678 10
-640 5
896 9
167 1
-56 5
153 1
750 1
107 1
315 10
-742 5
267 3
594 4
-867 2
852 1
821 4
945 7
-289 8
653 10
-843 2
-333 5
749 3
954 6
559 3
62 2
693 9
732 10
786 5
-526 10
-105 7
-850 6
-631 4
-553 3
-563 10
-860 8
92 2
-408 9
-979 8
-869 4
-466 2
-477 4
-707 10
-281 4
9 8
-132 9
-459 2
904 7
-25 4
-953 8
-877 9
-980 9
-621 3
-331 5
910 1
-172 8
66 4
557 5
827 4
-16 4
945 4
-982 6
-501 1
609 2
-397 8
223 9
-416 9
-829 5
722 4
967 8
-543 1
277 8
-280 3
-166 6
-359 1
538 5
-557 4
-70 7
358 7
-995 1
209 9
-121 3
366 2
-771 4
-837 2
486 4
175 7
98 7
-95 3
-917 7
-229 6
940 4
-214 3
-344 3
-787 4
498 2
562 8
185 4
532 6
-634 2
424 8
-278 2
302 7
-49 1
804 5
-380 8
710 10
-284 4
-783 4
-41 3
198 4
-847 4
-931 7
465 7
705 1
644 9
-974 3
-140 6
14 1
-869 3
-775 9
-802 8
999 1
900 8
-198 1
911 2
605 4
115 3
782 7
793 5
420 5
693 7
-348 1
901 1
-583 8
-640 10
-652 6
520 2
672 7
108 3
-740 1
531 2
-639 7
-61 5
-437 1
658 1
-199 6
698 10
-235 8
-678 3
53 3
-312 7
-835 2
-629 7
799 2
-893 5
219 10
598 1
-666 5
673 10
-774 1
410 1
-851 6
601 8
148 7
-159 6
-328 7
661 7
954 2
-593 9
-131 3
525 4
-532 10
640 9
552 10
593 4
136 9
-51 3
401 5
335 7
-670 3
-834 7
511 2
-963 2
490 3
-322 9
303 10
-221 1
178 3
766 1
-557 6
406 1
848 4
676 5
-711 8
892 9
-478 1
-470 6
-129 4
789 2
193 1
490 10
123 2
569 2
438 2
30 5
124 8
-725 4
981 10
-712 3
-131 1
-835 2
-694 4
-983 2
-327 1
-530 6
-719 10
270 9
252 5
133 3
915 4
34 8
-297 4
156 7
-758 1
-711 9
2 4
-140 6
-502 7
-744 8
-29 5
-894 4
-528 2
-563 1
360 2
242 2
-807 10
823 10
-589 10
408 8
541 2
982 1
-179 8
45 9
-631 2
-78 2
363 2
-704 10
839 1
608 1
-364 4
-352 6
253 6
906 9
738 2
706 2
604 9
-288 4
-813 2
322 5
-768 2
-900 7
-5 4
-680 2
-525 2
-391 10
552 4
-247 10
-172 3
-328 8
803 7
-372 7
778 4
405 8
-453 5
-931 7
213 1
-549 2
-710 2
462 1
-169 7
-585 4
-873 2
845 3
511 4
980 7
-831 8
432 6
-24 6
-984 5
-566 4
-4 8
136 6
77 3
-979 8
618 8
630 9
494 9
-451 10
639 6
-320 2
398 8
-822 3
952 2
-125 1
-533 4
590 2
-586 4
830 4
965 2
321 4
842 9
-988 8
-586 10
146 10
207 5
-860 5
465 9
-960 10
158 10
99 8
973 6
-552 3
-498 8
-966 7
464 9
-210 9
879 8
624 8
-210 3
303 7
262 7
-611 1
-798 10
-567 8
554 6
-825 2
626 3
-753 7
-859 2
776 5
-366 4
728 6
-928 2
-806 9
-489 4
-744 3
-13 1
-673 8
644 5
497 9
-262 10
-863 4
-326 1
13 5
-265 8
-721 3
835 9
-233 6
-112 10
-880 4
-375 8
-709 6
-384 5
-780 3
-452 7
-804 2
-676 10
489 8
-210 5
112 10
168 10
-894 10
-252 2
552 9
766 6
409 1
617 5
-1000 7
480 6
-485 10
-534 2
737 4
-376 10
266 6
-510 8
719 1
-672 8
629 7
269 7
968 7
-890 3
221 3
-604 1
-621 3
-485 10
-962 7
-21 6
593 9
-428 4
736 8
463 1
73 5
-763 9
468 8
504 7
-672 10
318 1
139 5
651 10
991 4
282 5
943 10
732 1
133 6
-916 6
-280 5
259 10
-157 2
-973 2
271 7
490 4
632 9
-278 7
705 9
380 7
-55 5
-594 7
-115 10
221 10
161 9
568 4
-941 6
-77 3
-449 7
-30 10
-493 7
177 5
-727 5
639 5
-988 9
935 4
560 5
698 4
-984 7
585 8
-901 3
-951 8
-162 4
-953 7
122 3
875 5
-117 4
470 6
510 5
400 2
234 6
-575 5
-217 6
-20 8
160 6
345 10
810 1
-209 9
-798 6
-313 5
-32 9
-374 1
129 7
-128 8
-152 4
585 3
315 4
710 7
862 6
-675 2
742 8
-740 8
-835 6
50 7
-897 5
482 2
-222 3
-895 3
979 9
387 7
900 7
-973 4
820 4
640 4
663 2
-370 2
690 1
-549 8
-305 4
-672 8
-717 3
-133 6
453 4
6 1
38 2
-833 2
-805 1
603 6
-437 3
234 9
-777 9
-346 3
794 3
-347 2
-368 7
5 9
-416 9
-752 3
598 7
290 6
832 9
-400 8
660 9
-3 7
-587 5
1000 8
335 7
-198 5
60 9
400 7
52 4
-700 1
118 6
135 1
-363 2
42 5
-602 10
19 8
180 10
647 7
174 7
297 8
-625 4
-614 2
-333 7
906 1
84 3
706 7
-181 7
746 6
808 2
-792 6
-188 1
-941 2
-755 8
946 9
941 8
162 5
52 6
94 9
388 5
-253 8
516 10
555 3
-855 8
176 4
716 10
297 8
693 8
-647 7
-244 5
134 5
967 2
226 5
948 8
-680 7
-44 9
-213 3
-569 5
592 8
566 6
-293 3
-898 10
268 2
66 10
-64 3
-5 10
-379 10
261 3
-998 9
-968 10
309 10
846 10
-996 10
-917 1
83 2
461 7
899 2
-545 7
