1001 10000 0
-6643 163
-3620 222
2084 354
9917 500
3800 388
-3539 224
-5457 184
-9608 109
909 326
-3737 219
-2608 245
-2079 257
-9799 105
-315 292
7023 440
-7005 157
7701 453
-5688 176
2131 355
-5959 173
7020 440
7695 453
8825 476
6048 428
-5403 184
-8414 132
-3219 232
9812 498
-1152 274
-2534 247
9251 482
-8480 131
-1342 272
68 305
2221 358
-5214 187
-917 278
-2735 242
3545 380
-7179 151
268 312
-3912 216
7134 442
1940 352
-1184 274
-9519 111
5360 415
-2601 246
-5367 185
2298 361
776 323
5889 425
-9981 103
-9505 112
3423 378
4884 409
9574 492
-3405 228
-1917 259
6246 430
9368 486
-681 282
2067 354
3976 394
4815 408
8820 475
5697 421
9172 481
6729 436
-2449 250
-734 280
-5964 173
5449 416
8183 461
9088 480
2518 362
-2947 236
1396 339
-2128 255
2393 361
79 305
-6872 160
8918 477
-5547 181
-961 277
7789 455
-1528 265
-1833 259
-1038 275
-9425 113
7566 450
-8475 131
-1319 272
-2760 240
977 327
-2559 246
1860 350
-7757 140
-8084 138
9729 496
2225 359
3841 391
-7738 140
-1630 264
-2677 244
1771 349
-6085 170
7983 456
-3839 218
1749 349
6586 435
-200 296
8612 469
8274 461
8457 466
9413 488
1002 329
3808 389
906 326
8519 467
3785 387
-3318 230
-5773 175
-7939 139
1939 352
392 316
3385 376
-8531 131
2153 355
1104 331
-4054 215
-9673 106
-6377 168
-2215 254
103 306
7893 456
-6891 159
-2530 247
6709 436
-6875 160
9828 499
9915 500
-5603 179
-9722 105
1334 337
3670 385
-9926 103
1364 337
338 313
9249 482
3627 382
-3333 229
8447 465
3875 391
-9841 105
6036 428
-1225 273
-4027 215
6823 437
6168 430
-7507 145
-5754 175
1653 347
1301 336
-9853 105
-4222 211
-3713 219
2919 366
4323 402
6018 426
2186 358
-3749 218
245 310
3721 387
-5591 181
9390 487
-5713 175
-235 294
-7040 154
461 317
3512 379
-8758 127
-3435 227
9863 500
2814 365
-7010 156
-5538 181
-4860 201
992 328
-8521 131
2230 360
4241 402
5565 418
8010 457
-8199 137
3052 370
373 315
-6600 164
-7325 148
-6460 165
876 325
2077 354
-3705 220
598 319
-7979 138
-5621 179
1462 344
7334 445
-9643 106
-7755 140
-1584 265
-9598 109
7365 447
8357 463
5515 416
6742 437
-5035 196
-4879 200
-3631 221
5912 425
-2518 248
-7194 151
-1745 262
3866 391
-2750 240
6352 432
-7195 149
-8902 123
-4850 202
4033 396
-3349 228
6347 432
-9586 111
-5714 175
-5770 175
-4691 204
7657 452
2383 361
4564 403
3833 390
4888 409
9542 492
9744 497
-7946 138
2098 354
-9466 113
-1450 268
9171 481
8569 468
-8160 137
2783 365
-9631 106
-902 278
8911 477
6859 439
-4191 213
2817 366
-7432 146
9118 480
4184 400
7398 448
5700 421
-8318 135
-4310 208
-7975 138
-444 288
8107 457
9054 480
9290 482
5701 422
4033 396
1941 352
5196 414
-8625 129
-9628 108
-5173 192
3834 390
-5660 177
3871 391
-5133 193
-4512 206
4468 402
9352 485
-4172 215
-3434 227
-8429 131
336 313
-2891 239
-712 281
-3424 228
-4529 206
4236 401
-6006 172
-2766 240
-809 279
-990 277
-7602 143
8205 461
7169 444
-5594 180
-7269 148
-8209 136
8145 461
-1000 276
1943 353
-5199 188
-95 300
3664 385
7729 454
-7558 145
-5774 174
1231 335
3052 370
-9986 101
7470 448
1769 349
-1787 262
941 327
1489 344
1432 343
8233 461
-5996 172
-5073 196
3683 385
9569 492
6131 428
-8659 129
3596 381
3968 394
-6927 158
3111 372
5858 424
9637 494
-5890 173
1933 351
-5736 175
-4133 215
109 307
5847 424
3570 380
-1693 263
2927 367
-6811 162
-6647 163
7050 441
4309 402
-7464 145
2748 364
-4338 208
-4172 215
-376 289
-680 282
-4739 203
-9710 105
-8558 130
6856 438
5238 414
-5021 196
8847 476
3367 375
-9921 104
6853 438
4626 403
-6969 158
-3527 225
-8623 129
-9857 105
-798 280
5150 412
-4075 215
-4691 204
-7144 151
-2504 248
795 323
1324 336
4002 395
-2686 243
6712 436
3584 381
7130 442
7124 442
1382 339
-2844 240
-7733 140
2043 353
-9444 113
3947 393
-3377 228
9596 493
6495 434
7152 442
-6956 158
6271 430
-2479 250
9020 480
-6276 169
3152 373
2613 362
-8779 125
2361 361
-1905 259
5255 414
6115 428
6436 434
-4743 202
-5015 199
-3458 226
5272 415
5856 424
3954 393
-5995 173
7193 444
-653 284
-8422 132
7717 454
-227 294
-6400 167
-3254 231
-7400 146
-3190 233
3633 383
-467 287
-1368 270
-8868 124
-3902 217
1342 337
9738 496
-6083 171
-8643 129
-717 280
5845 424
-3327 229
8372 463
-7643 141
-375 290
140 308
3139 373
-6843 160
1637 346
-3151 233
1997 353
-301 293
5125 412
-5970 173
9400 487
-1350 271
-3788 218
2023 353
6908 439
7554 449
5034 412
1589 346
-7559 144
374 315
-1202 274
898 325
3577 381
8287 462
3912 393
-5369 185
-4352 207
-2702 243
-8672 129
7666 452
-1455 267
8793 474
4785 408
2909 366
5375 415
3402 376
-7717 140
-8521 131
642 321
-4417 207
-847 279
-5236 187
-980 277
-103 299
1768 349
-1054 275
4678 407
-8383 133
-8404 133
202 309
-1706 262
292 312
-8219 136
7351 446
3652 385
-5874 174
365 314
-9024 119
7750 454
9908 500
-1688 263
-3158 233
1182 333
3168 373
-2503 249
-1603 265
4067 396
4939 411
1363 337
-1068 275
667 321
2294 361
3749 387
331 312
-2144 254
7947 456
-1814 260
-712 281
1448 343
2048 353
-948 278
-4327 208
2782 365
9294 484
-319 292
4201 400
3198 373
-2851 239
-3682 220
3439 378
5961 426
-9176 116
-7671 141
-9455 113
157 308
9501 491
5552 417
4117 397
2365 361
77 305
-670 283
8512 466
9418 489
921 326
8479 466
3988 394
5751 422
8228 461
-4816 202
5824 423
-640 285
-2939 237
4746 407
-3488 225
-8759 126
-5507 182
-6117 169
7914 456
-6445 166
-4684 205
-4929 199
-7829 139
-5018 198
7644 451
3636 384
3096 371
-6098 170
-9084 118
8651 471
741 322
-7074 153
8450 465
-2749 241
7167 442
-6774 162
8593 468
6153 430
-1353 271
8119 458
-1421 269
7556 449
9788 498
-2480 249
8016 457
9311 484
-9587 111
-3465 226
353 314
-9105 117
2696 363
1048 329
630 321
-8401 133
8783 473
3023 368
-6882 159
865 324
-5145 193
9514 491
-8345 134
2041 353
4909 410
-7682 141
-1233 273
9611 493
8438 464
3854 391
-6990 157
-8847 125
-7129 152
4705 407
9752 498
4123 399
131 307
5719 422
-6151 169
9819 498
-427 288
7491 448
-7579 144
-204 295
4212 400
-7329 148
671 322
6138 429
-563 287
8758 472
5325 415
-2863 239
2518 362
3787 388
-144 298
-3124 234
-8766 125
-7566 144
4938 411
9563 492
-9582 111
-1262 272
6322 431
4520 402
-6403 167
9944 500
1452 343
-2836 240
-6319 168
-8673 128
-4373 207
9118 480
-9986 101
-4289 210
-4731 203
4630 404
4245 402
-7320 148
-198 296
-8346 134
1186 333
6424 434
-5195 190
-3552 223
-9273 114
-7792 139
7517 448
7351 446
5545 417
-8186 137
7639 451
-1815 260
-1568 265
2183 357
-9421 114
-817 279
8672 471
-7515 145
8706 472
-6695 163
6345 432
4392 402
5801 423
-9224 116
7416 448
9840 499
-2492 249
7574 450
-2068 257
6419 434
-4418 207
3647 384
2078 354
558 319
1162 331
8943 479
1100 330
-9447 113
8780 472
2280 360
-5630 178
1282 336
-5298 186
443 316
-1485 266
298 312
149 308
170 309
4900 410
-9136 117
-9933 103
-7716 140
9697 495
8968 479
-4869 201
529 319
-8272 136
-7851 139
8121 459
3632 383
9435 490
-8213 136
-1696 262
-904 278
-7217 149
8620 470
-9091 117
-374 290
-3939 216
376 315
3799 388
-9819 105
-3346 228
-8917 122
9390 487
-5220 187
3046 369
8850 476
-4160 215
-2627 245
4569 403
-154 298
-4524 206
-5618 179
2727 363
-1465 267
7796 455
-1110 274
345 314
2155 356
-8333 135
-2414 252
6371 434
5953 425
9511 491
3011 368
63 303
-3085 235
2023 353
-5021 198
-2759 240
8228 461
-3049 235
-6537 164
-2919 237
3061 371
-9767 105
7319 444
-3590 223
4799 408
5424 416
6704 436
7690 453
8021 457
-9071 118
-3487 225
8622 471
-7430 146
156 308
4635 405
5785 423
8782 473
9382 486
-263 294
274 312
-8605 129
3052 369
-6612 164
5844 423
-6949 158
-8557 130
1410 341
6272 431
8454 465
4642 406
2216 358
-2428 251
6328 432
4643 407
1259 336
7889 455
-806 280
-15 300
9665 495
-3622 222
-1900 259
9441 490
-4292 210
-3061 235
-8757 127
-8569 130
-2526 248
6585 434
8330 462
3259 374
-2534 247
-4569 205
-8961 119
-8948 121
3637 384
5255 414
-3 301
6592 435
8188 461
1369 337
-131 298
-5194 191
6996 439
9717 496
454 316
2142 355
8272 461
-5025 196
6599 435
8609 468
6149 430
-8334 134
-1291 272
6142 429
8937 478
8312 462
-1162 274
4664 407
5894 425
1665 348
2935 367
8913 477
9274 482
-7392 147
8110 458
-1824 259
-4274 210
3294 374
5951 425
-4935 199
4187 400
3993 394
-8867 124
8912 477
100 306
6325 431
-1385 270
4518 402
-6600 164
-9353 114
-6736 162
-8893 123
7687 452
9633 494
-2666 244
-3856 217
-3537 225
-9263 115
-5447 184
1661 348
-6264 169
2973 367
8318 462
-286 293
9370 486
-1619 264
-6413 167
3696 386
2679 363
9357 485
-2366 253
6610 435
-9879 104
457 317
2404 361
5669 421
1501 345
142 308
9514 492
-4954 199
-2030 257
-5565 181
-207 294
-6703 162
-723 280
-2893 238
-3684 220
-6152 169
3464 378
-2502 249
-4760 202
-3908 217
-8949 119
5619 421
3037 368
-6270 169
4875 409
-6897 159
-4486 206
-9201 116
-1356 271
9100 480
9368 486
5372 415
7392 448
-8998 119
-7094 152
6728 436
-5294 186
-5506 182
3705 386
-5124 195
1532 345
-344 291
-5844 174
7608 450
7764 454
9235 481
5644 421
4770 407
160 308
3485 379
-3608 222
-9051 118
1146 331
43 302
8480 466
8142 460
9747 497
4127 399
-2375 252
-5476 182
-1433 269
-2739 242
20 301
-1509 266
-6345 168
5973 426
-4944 199
-3108 234
2431 361
-9332 114
-9707 106
718 322
1827 350
7084 441
-2626 245
2686 363
-5204 187
-8620 129
9013 480
-6541 164
5029 412
5351 415
1229 335
9734 496
7531 449
-4419 207
4621 403
8820 475
914 326
469 317
-9510 112
3549 380
-1409 269
-9034 118
-2977 236
-9379 114
8544 468
5075 412
3004 368
-2149 254
-4257 211
480 318
-2278 253
-421 289
-176 297
7201 444
-7696 140
-3263 231
4103 396
-1997 258
-438 288
-4852 202
-2368 252
3118 372
1431 342
-8788 125
-8518 131
-7241 149
2165 356
-2262 254
4783 408
1169 332
-10000 600
