1000 0 10000000
-49141 313
-41041 286
-63190 355
-3570 84
-3321 81
-157641 561
-389403 882
-153 17
-267546 731
-18721 193
-291466 763
-3741 86
-194376 623
-148785 545
-401856 896
-169071 581
-152076 551
-417241 913
-93528 432
-8646 131
-309291 786
-449826 948
-21321 206
-111628 472
-7750 124
-143380 535
-41616 288
-104196 456
-406351 901
-73920 384
-434778 932
-409060 904
-91 13
-290703 762
-96580 439
-474825 974
-7381 121
-495510 995
-16110 179
-418155 914
-232903 682
-178503 597
-113526 476
-95266 436
-404550 899
-11175 149
-476776 976
-6216 111
-351541 838
-190 19
-6105 110
-191271 618
-406 28
-162735 570
-1275 50
-60726 348
-428275 925
-236328 687
-136 16
-176121 593
-168490 580
-334153 817
-222111 666
-33411 258
-170820 584
-331705 814
-120786 491
-12880 160
-34453 262
-91806 428
-1431 53
-131328 512
-37675 274
-355746 843
-39060 279
-70125 374
-2278 67
-373680 864
-66 11
-69751 373
-241860 695
-4656 96
-62128 352
-149331 546
-473851 973
-216811 658
-491536 991
-64620 359
-205120 640
-27261 233
-454581 953
-36315 269
-398278 892
-133386 516
-318003 797
-135981 521
-218130 660
-288420 759
-435711 933
-56280 335
-342378 827
-28920 240
-5671 106
-313236 791
-21945 209
-3828 87
-222778 667
-1128 47
-8515 130
-155961 558
-302253 777
-368511 858
-68635 370
-263901 726
-177310 595
-354061 841
-281625 750
-9316 136
-15051 173
-280875 749
-457446 956
-369370 859
-382375 874
-144991 538
-8001 126
-6441 113
-173166 588
-214185 654
-13530 164
-320400 800
-36585 270
-326836 808
-10153 142
-210925 649
-114481 478
-277885 745
-390286 883
-4278 92
-72390 380
-75855 389
-367653 857
-442270 940
-198135 629
-272691 738
-42195 290
-311655 789
-3916 88
-354903 842
-32640 255
-9045 134
-192510 620
-475800 975
-393828 887
-310078 787
-6555 114
-87571 418
-203841 638
-46056 303
-1326 51
-298378 772
-44551 298
-30135 245
-88410 420
-68265 369
-90951 426
-3486 83
-4371 93
-117855 485
-208335 645
-5995 109
-70876 376
-18915 194
-324415 805
-29161 241
-238395 690
-149878 547
-129286 508
-37950 275
-158203 562
-92235 429
-325 25
-741 38
-75078 387
-496506 996
-6 3
-39903 282
-277140 744
-237016 688
-780 39
-358281 846
-453628 952
-4950 99
-125751 501
-90525 425
-126756 503
-102378 452
-121278 492
-9453 137
-84255 410
-147153 542
-329266 811
-24531 221
-105111 458
-200661 633
-72010 379
-55278 332
-383250 875
-5886 108
-19900 199
-143916 536
-703 37
-71253 377
-479710 979
-423660 920
-17205 185
-322806 803
-347361 833
-58996 343
-58653 342
-2211 66
-29403 242
-400960 895
-489555 989
-395605 889
-3240 80
-49455 314
-359976 848
-73536 383
-10 4
-173755 589
-381501 873
-23005 214
-419986 916
-447931 946
-445096 943
-77028 392
-6786 116
-8128 127
-62835 354
-85905 414
-20910 204
-110215 469
-332520 815
-255970 715
-183921 606
-497503 997
-216153 657
-299151 773
-17578 187
-321201 801
-169653 582
-247456 703
-128778 507
-137550 524
-10731 146
-186966 611
-43071 293
-36 8
-274170 740
-408156 903
-195000 624
-218791 661
-142845 534
-294528 767
-129795 509
-11781 153
-152628 552
-231540 680
-121771 493
-210276 648
-240471 693
-296065 769
-458403 957
-9870 140
-323610 804
-90100 424
-190036 616
-21528 207
-206403 642
-214840 655
-172578 587
-287661 758
-101926 451
-10440 144
-465 30
-15225 174
-78 12
-210 20
-2775 74
-221445 665
-380628 872
-45150 300
-114960 479
-5565 105
-79401 398
-410871 906
-223446 668
-167910 579
-370230 860
-276 23
-253828 712
-62481 353
-18528 192
-213531 653
-26106 228
-295296 768
-251695 709
-273430 739
-156520 559
-318801 798
-271953 737
-188805 614
-2628 72
-16836 183
-40186 283
-388521 881
-441330 939
-71631 378
-420903 917
-185745 609
-7626 123
-141246 531
-292995 765
-366796 856
-113050 475
-162165 569
-41328 287
-1035 45
-344865 830
-11935 154
-1540 55
-243951 698
-285390 755
-300700 775
-57291 338
-13861 166
-266085 729
-197506 628
-253 22
-26565 230
-308505 785
-374545 865
-136503 522
-190653 617
-39340 280
-11628 152
-110685 470
-5151 101
-348195 834
-23220 215
-28680 239
-92665 430
-65703 362
-118341 486
-98346 443
-450775 949
-228150 675
-9730 139
-207690 644
-16471 181
-32131 253
-16290 180
-405450 900
-171405 585
-179700 599
-17391 186
-241165 694
-33153 257
-392941 886
-436645 934
-122760 495
-33670 259
-23871 218
-225456 671
-378015 869
-230860 679
-108345 465
-133903 517
-7503 122
-397386 891
-21115 205
-13203 162
-24310 220
-284635 754
-77815 394
-22366 211
-212878 652
-106491 461
-275653 742
-102831 453
-24090 219
-109746 468
-201295 634
-22155 210
-138075 525
-297606 771
-46360 304
-2080 64
-306153 782
-448878 947
-86736 416
-280126 748
-33930 260
-123256 496
-409965 905
-413595 909
-43956 296
-21736 208
-361675 850
-26796 231
-125250 500
-264628 727
-57970 340
-499500 999
-220116 663
-91378 427
-201930 635
-79003 397
-2415 69
-15400 175
-15576 176
-36046 268
-444153 942
-64261 358
-349866 836
-20503 202
-282376 751
-166753 577
-120 15
-189420 615
-181503 602
-54615 330
-235641 686
-1711 58
-528 32
-28441 238
-496 31
-230181 678
-46971 306
-72771 381
-4851 98
-20706 203
-2926 76
-304590 780
-84666 411
-226128 672
-396495 890
-435 29
-140185 529
-205761 641
-464166 963
-35511 266
-67528 367
-461280 960
-276396 743
-359128 847
-191890 619
-38226 276
-255255 714
-142311 533
-386760 879
-184528 607
-391170 884
-254541 713
-666 36
-459361 958
-286903 757
-48828 312
-244650 699
-1953 62
-116403 482
-155403 557
-306936 783
-820 40
-356590 844
-400065 894
-106030 460
-36856 271
-303810 779
-271216 736
-469965 969
-50403 317
-79800 399
-180901 601
-2701 73
-233586 683
-32385 254
-120295 490
-23653 217
-82621 406
-451725 950
-57630 339
-6903 117
-37401 273
-10296 143
-89676 423
-3 2
-278631 746
-3003 77
-19306 196
-269011 733
-171 18
-37128 272
-345696 831
-187578 612
-74305 385
-35245 265
-2145 65
-55945 334
-262450 724
-1378 52
-35778 267
-134940 519
-50721 318
-137026 523
-229503 677
-12090 155
-51681 321
-412686 908
-43660 295
-80601 401
-163878 572
-58311 341
-76636 391
-147696 543
-78606 396
-455535 954
-29646 243
-185136 608
-7140 119
-234270 684
-132355 514
-64980 360
-42778 292
-124750 499
-466095 965
-96141 438
-314028 792
-60378 347
-266815 730
-215496 656
-146611 541
-15 5
-4005 89
-26335 229
-115921 481
-145530 539
-327645 809
-70500 375
-378 27
-4186 91
-13041 161
-500500 1000
-5778 107
-357435 845
-486591 986
-337431 821
-202566 636
-208981 646
-34716 263
-154290 555
-2346 68
-179101 598
-239086 691
-204480 639
-426426 923
-81810 404
-207046 643
-124251 498
-30381 246
-39621 281
-4560 95
-289180 760
-485605 985
-234955 685
-411778 907
-260281 721
-293761 766
-89253 422
-99235 445
-319600 799
-1485 54
-83845 409
-157080 560
-440391 938
-135460 520
-946 43
-49770 315
-100576 448
-336610 820
-82215 405
-139656 528
-188191 613
-159330 564
-259560 720
-4465 94
-73153 382
-312445 790
-15753 177
-174936 591
-231 21
-198765 630
-11476 151
-460320 959
-315615 794
-279378 747
-119805 489
-67896 368
-283128 752
-339076 823
-245350 700
-364231 853
-416328 912
-146070 540
-283881 753
-261003 722
-32896 256
-468028 967
-3655 85
-48205 310
-132870 515
-463203 962
-107416 463
-328455 810
-378885 870
-239778 692
-270480 735
-159895 565
-446040 944
-346528 832
-443211 941
-394716 888
-292230 764
-27028 232
-478731 978
-14028 167
-193753 622
-387640 880
-196878 627
-333336 816
-97461 441
-112575 474
-158766 563
-211575 650
-52326 323
-314821 793
-115440 480
-212226 651
-103285 454
-93961 433
-116886 483
-431056 928
-76245 390
-44850 299
-249571 706
-154846 556
-165025 574
-344035 829
-29890 244
-330891 813
-483636 983
-195625 625
-253116 711
-18336 191
-134421 518
-174345 590
-452676 951
-237705 689
-246753 702
-446985 945
-1176 48
-339900 824
-371953 862
-289941 761
-3403 82
-41905 289
-19110 195
-433846 931
-150975 549
-371091 861
-471906 971
-372816 863
-105 14
-139128 527
-286146 756
-34191 261
-220780 664
-415416 911
-343206 828
-53628 327
-42486 291
-12561 158
-67161 366
-209628 647
-21 6
-108811 466
-59685 345
-85078 412
-12246 156
-467061 966
-150426 548
-105570 459
-61776 351
-161028 567
-5460 104
-224115 669
-17955 189
-494515 994
-20100 200
-353220 840
-99681 446
-38781 278
-27730 235
-493521 993
-61075 349
-246051 701
-482653 982
-14535 170
-177906 596
-40755 285
-47586 308
-15931 178
-97903 442
-258121 718
-66430 364
-268278 732
-470935 970
-166176 576
-123753 497
-351 26
-28 7
-171991 586
-11026 148
-54946 331
-330078 812
-25878 227
-69378 372
-10878 147
-252405 710
-488566 988
-14706 171
-4753 97
-81406 403
-6328 112
-10585 145
-44253 297
-7260 120
-421821 918
-224785 670
-30628 247
-117370 484
-163306 571
-299925 774
-127260 504
-322003 802
-377146 868
-352380 839
-45451 301
-14365 169
-8911 133
-81003 402
-5356 103
-138601 526
-56953 337
-22791 213
-94830 435
-200028 632
-50086 316
-301476 776
-263175 725
-9591 138
-85491 413
-88831 421
-141778 532
-31878 252
-128271 506
-7875 125
-19503 197
-12403 157
-182106 603
-217470 659
-87153 417
-193131 621
-439453 937
-24753 222
-131841 513
-8778 132
-31375 250
-335790 819
-103740 455
-296835 770
-325221 806
-114003 477
-5253 102
-126253 502
-22578 212
-422740 919
-399171 893
-265356 728
-25651 226
-376278 867
-269745 734
-45 9
-165600 575
-31125 249
-228826 676
-468996 968
-14196 168
-360825 849
-1770 59
-196251 626
-10011 141
-55611 333
-490545 990
-248865 705
-349030 835
-4095 90
-431985 929
-1 1
-52003 322
-385881 878
-561 33
-300 24
-226801 673
-8385 129
-140715 530
-47895 309
-66795 365
-303031 778
-83436 408
-365940 855
-2016 63
-106953 462
-86320 415
-43365 294
-242556 696
-5050 100
-903 42
-1081 46
-153735 554
-326028 807
-48516 311
-407253 902
-28203 237
-130816 511
-77421 393
-384126 876
-130305 510
-55 10
-305371 781
-56616 336
-379756 871
-3081 78
-316410 795
-175528 592
-427350 924
-250986 708
-2485 70
-167331 578
-12720 159
-18145 190
-307720 784
-59340 344
-75466 388
-990 44
-119316 488
-66066 363
-74691 386
-256686 716
-261726 723
-1596 56
-227475 674
-350703 837
-1225 49
-2556 71
-310866 788
-16653 182
-148240 544
-2850 75
-78210 395
-17766 188
-25425 225
-38503 277
-14878 172
-170236 583
-93096 431
-122265 494
-176715 594
-51040 319
-52975 325
-481671 981
-60031 346
-46665 305
-160461 566
-180300 600
-13695 165
-257403 717
-385003 877
-414505 910
-186355 610
-94395 434
-27966 236
-69006 371
-31626 251
-161596 568
-63903 357
-248160 704
-45753 302
-104653 457
-61425 350
-9180 135
-1830 60
-492528 992
-465130 964
-375411 866
-111156 471
-462241 961
-83028 407
-118828 487
-424581 921
-63546 356
-365085 854
-250278 707
-243253 697
-456490 955
-34980 264
-258840 719
-429201 926
-341551 826
-317206 796
-595 34
-340725 825
-24976 223
-144453 537
-109278 467
-425503 922
-338253 822
-101025 449
-7021 118
-232221 681
-438516 936
-630 35
-25200 224
-112101 473
-53301 326
-17020 184
-101475 450
-151525 550
-52650 324
-861 41
-107880 464
-19701 198
-1653 57
-51360 320
-274911 741
-199396 631
-98790 444
-23436 216
-484620 984
-47278 307
-402753 897
-127765 505
-477753 977
-432915 930
-54285 329
-487578 987
-97020 440
-403651 898
-80200 400
-472878 972
-100128 447
-153181 553
-8256 128
-363378 852
-182710 604
-437580 935
-334971 818
-164451 573
-20301 201
-3160 79
-392055 885
-11325 150
-480690 980
-65341 361
-203203 637
-498501 998
-183315 605
-27495 234
-53956 328
-219453 662
-430128 927
-6670 115
-30876 248
-95703 437
-1891 61
-87990 419
-362526 851
-40470 284
-13366 163
-419070 915
