1000 -20000 -10000
-59926984 5323
-53032330 4334
-45407326 3657
-11031121 83
-92450390 9053
-91841031 8980
-68953708 6290
-82400603 7991
-90278486 8856
-91097507 8889
-74383376 7234
-72388985 6977
-93274819 9145
-38847153 2927
-66120554 5908
-14086867 374
-95084621 9350
-13806616 346
-30432237 1925
-58033843 5081
-55601185 4725
-99196416 9940
-11275850 89
-85931771 8349
-56436608 4844
-83140361 8127
-45000875 3650
-39352554 2983
-67848199 6104
-21899049 1169
-35301454 2438
-19465962 929
-40004894 3082
-87902709 8600
-84350439 8207
-67322726 6068
-49811855 4085
-75373801 7303
-48415594 3944
-92439032 9044
-13719069 339
-60067482 5340
-69359494 6395
-68221969 6149
-33906346 2350
-86861583 8536
-34225702 2358
-62259572 5624
-78432795 7628
-11792938 142
-36989658 2623
-46711556 3782
-58373328 5108
-68741506 6272
-78621477 7641
-79834486 7792
-38187072 2822
-39857916 3054
-54583121 4583
-68930477 6280
-43494472 3511
-72127794 6902
-28554713 1747
-73098580 7109
-60981447 5416
-87316362 8574
-70541653 6588
-93381912 9171
-55776481 4748
-45575792 3658
-53343043 4436
-71736733 6804
-37824058 2768
-90652391 8874
-70837216 6711
-77978205 7534
-56792878 4950
-27676582 1664
-19504682 931
-65917963 5893
-58795198 5169
-10883284 82
-26390078 1508
-50031937 4097
-67313658 6062
-16575700 605
-90639028 8857
-97849939 9749
-52881395 4322
-42349310 3368
-66330482 5944
-33738890 2289
-71703939 6796
-19264094 904
-28457538 1744
-89606726 8790
-96442613 9597
-27917881 1693
-20755983 1078
-69345981 6366
-14981279 414
-89203443 8702
-24896398 1408
-83537726 8166
-72307762 6938
-68561347 6253
-52910279 4331
-90021304 8820
-64653351 5802
-73176204 7120
-29923221 1912
-77497521 7513
-95109826 9361
-38022789 2821
-21153890 1143
-48007198 3871
-64542754 5796
-56797533 4953
-96565585 9623
-82932844 8067
-40584847 3175
-71068895 6715
-60566419 5377
-16815575 670
-67874410 6115
-28970720 1789
-18174761 779
-90083112 8850
-20523133 1027
-47400263 3846
-46825352 3811
-54313346 4557
-12301525 239
-82408700 8002
-20524156 1029
-41389918 3238
-96823360 9640
-33201602 2217
-84608366 8234
-51563738 4196
-27697086 1667
-16910713 680
-48776767 3980
-69803885 6419
-42392453 3388
-96323574 9551
-85416657 8322
-35588465 2463
-99214513 9943
-49724459 4060
-48044138 3879
-52393769 4251
-69577571 6404
-79810071 7754
-84161025 8182
-45883281 3713
-69955313 6476
-37996215 2807
-84656185 8282
-29658387 1859
-45944302 3716
-29729711 1860
-81737045 7945
-63695618 5709
-41424919 3275
-98184170 9816
-67538787 6071
-97418407 9693
-53960286 4505
-54087831 4532
-19010480 863
-66802215 5978
-89777123 8807
-27923381 1695
-74505122 7246
-40262993 3118
-69842032 6434
-73566946 7169
-81232948 7916
-67948214 6122
-15464990 531
-75676531 7334
-61218990 5452
-75752774 7360
-23982208 1338
-86325065 8380
-55632542 4728
-95669247 9472
-33190149 2204
-58626528 5126
-77706603 7522
-17822295 742
-99851562 9961
-64913758 5805
-49831449 4087
-57521828 5021
-16330383 586
-77593515 7521
-80020694 7802
-16189203 560
-79787070 7754
-42363160 3371
-18972938 861
-67637831 6090
-27972713 1700
-10115219 9
-26036710 1481
-36880906 2616
-93243803 9127
-27356744 1625
-23565915 1326
-59074348 5192
-54192903 4535
-22556243 1197
-80785099 7881
-59222867 5210
-29060026 1811
-96039858 9488
-38490650 2874
-41872445 3339
-47739203 3867
-13929642 359
-76555554 7465
-52293286 4250
-40870064 3204
-84376105 8221
-69086572 6303
-20125570 950
-93580211 9190
-92434884 9041
-63992939 5758
-78927065 7659
-94805180 9328
-11655287 112
-86305627 8371
-43840478 3556
-37432630 2696
-54798090 4660
-47186151 3826
-84903671 8284
-53624790 4479
-74231691 7227
-86442748 8394
-32752947 2143
-15832627 538
-69163335 6323
-89206651 8708
-74501119 7244
-44691435 3620
-12009967 163
-58118630 5087
-46762208 3794
-78538494 7638
-89389181 8725
-51874107 4210
-23329041 1296
-51972937 4223
-75626545 7313
-67990166 6128
-92097047 9013
-86548760 8495
-72299187 6934
-46420254 3774
-17504148 717
-44329042 3592
-70575153 6615
-48119778 3883
-87940539 8615
-61396886 5514
-66169585 5928
-84166158 8194
-15065587 421
-69137756 6311
-56641730 4939
-88893844 8679
-48553821 3969
-24579533 1364
-14780362 406
-18104131 760
-53223748 4402
-72580364 7022
-30484875 1927
-90890373 8876
-19047861 888
-88647997 8664
-92723420 9090
-96531501 9619
-18133841 762
-22539293 1189
-56013495 4788
-36024951 2484
-65424512 5858
-27101320 1592
-82228473 7980
-42571348 3389
-13050070 295
-33447028 2237
-70583669 6625
-32582234 2120
-65573946 5879
-63355089 5701
-55323628 4712
-78531773 7631
-15259656 448
-17449474 713
-91726618 8953
-57176082 5015
-99944849 9985
-44551573 3614
-68350923 6219
-42869171 3456
-68702109 6267
-11614525 105
-85076041 8293
-93549983 9175
-85454080 8329
-58475131 5117
-54219557 4543
-70678950 6639
-82964841 8072
-73838416 7200
-91757264 8960
-23383708 1298
-31662986 1982
-23117779 1276
-49041467 4028
-10569474 57
-23941002 1330
-48192116 3893
-98809370 9899
-29319472 1840
-30958553 1943
-44454900 3594
-56621932 4914
-28328419 1731
-82655923 8004
-74525855 7268
-54487442 4577
-30543467 1940
-89663153 8798
-48445868 3947
-89667489 8800
-71833251 6855
-28313289 1719
-65357173 5837
-61257417 5471
-19036671 871
-17347750 711
-44812140 3622
-23515919 1322
-91942243 8983
-75647061 7324
-54215514 4542
-89479111 8786
-75684915 7354
-54064994 4527
-26563255 1530
-87590617 8579
-50158654 4099
-97078279 9662
-89301033 8723
-68427731 6249
-63198727 5667
-15340206 456
-87204743 8558
-40710328 3178
-28004037 1716
-10313417 29
-24534669 1364
-78008713 7537
-72088342 6894
-13987704 360
-57055034 4994
-54485234 4576
-65999754 5905
-46201182 3773
-22844104 1247
-72825151 7066
-20054952 933
-95089234 9356
-25029093 1449
-89016109 8681
-63095862 5659
-40829637 3182
-30351100 1918
-60892155 5397
-58806989 5183
-96411643 9570
-63983874 5757
-41476591 3280
-39371276 2992
-16451555 595
-33769214 2345
-86454707 8397
-86335318 8386
-35425703 2456
-93785562 9208
-47714200 3857
-70751778 6710
-53166869 4400
-42701323 3418
-23115724 1275
-12387070 246
-65138648 5828
-58280438 5089
-18754089 855
-20687350 1037
-37161212 2646
-94579424 9256
-49788433 4078
-39818527 3037
-44971194 3633
-94696854 9260
-96055578 9492
-55937397 4765
-20431117 977
-16167014 557
-78236414 7571
-37970374 2778
-54885352 4668
-48992459 4027
-25064817 1453
-54414991 4566
-95374406 9418
-91648837 8948
-15533006 534
-55400484 4713
-35270793 2435
-12147445 214
-92768738 9108
-23390176 1314
-48307840 3922
-14297534 386
-79664912 7712
-84328591 8197
-60031498 5329
-71398522 6734
-22666903 1218
-58608994 5123
-41300978 3237
-66830738 6008
-74726240 7274
-24412530 1357
-10151307 14
-82847754 8034
-17191863 710
-49762406 4068
-31172540 1970
-78992225 7666
-78362810 7593
-20485544 1018
-14058195 371
-51410848 4159
-37134533 2645
-52572024 4275
-56387694 4817
-26783684 1572
-32244282 2083
-32675759 2132
-98134917 9770
-96570466 9630
-65395908 5847
-31744854 2013
-32856494 2186
-41568303 3314
-60615138 5394
-86788118 8518
-97464528 9723
-82327940 7988
-41795706 3318
-24048005 1341
-21704746 1165
-70516397 6583
-45734419 3696
-42934005 3482
-71123300 6719
-99400681 9955
-70046007 6494
-60418504 5359
-97723204 9733
-70706856 6660
-11058177 86
-74009337 7226
-58734541 5160
-59858175 5318
-45954279 3725
-12743620 255
-69887766 6438
-22230658 1186
-73423176 7151
-89589068 8789
-79940960 7796
-19297605 907
-22734671 1229
-54174125 4533
-91909087 8982
-95596436 9441
-27436133 1630
-99925594 9967
-45797462 3706
-40124731 3101
-54746000 4612
-83047332 8095
-87026604 8555
-98693146 9889
-73125459 7111
-20947250 1116
-90013833 8817
-36870450 2615
-92211977 9036
-52600165 4283
-36177729 2507
-39326517 2958
-38441884 2864
-77122428 7511
-46732197 3792
-31041145 1955
-74269954 7231
-52502043 4251
-29586655 1859
-26812390 1583
-61177045 5423
-32831693 2170
-56480520 4875
-26749012 1565
-50000889 4095
-67447639 6070
-13493383 323
-26207531 1491
-89395555 8765
-46674058 3775
-68257613 6177
-40997044 3209
-15441515 492
-15362188 470
-61759769 5551
-76370254 7449
-91499828 8941
-70451816 6575
-37094094 2637
-91337164 8917
-26837843 1589
-36666952 2532
-78402754 7599
-60286468 5359
-56851922 4976
-80298970 7813
-16815536 663
-49544882 4052
-31912585 2027
-46920528 3819
-69596388 6412
-42816299 3448
-41805505 3323
-14236846 375
-90912128 8884
-53431262 4450
-60542582 5373
-74517569 7263
-33030049 2202
-80324929 7835
-81717557 7945
-43735987 3527
-91531904 8941
-91809555 8979
-77540712 7517
-66600589 5970
-50275822 4105
-16994903 697
-43440654 3510
-20477295 978
-54641274 4590
-28582492 1783
-85319370 8320
-48387273 3925
-32501000 2107
-55660441 4735
-86538696 8453
-93123500 9123
-73609991 7171
-12852956 267
-73073925 7096
-71358913 6719
-85851053 8346
-60122411 5358
-10051702 1
-48954821 4020
-39806758 3029
-51184633 4130
-82865694 8055
-63286359 5697
-37520440 2747
-96234333 9518
-21630807 1155
-44134025 3572
-13263051 305
-22909315 1257
-48471442 3955
-70173762 6551
-98615629 9859
-80928643 7914
-75838218 7369
-14498822 403
-37171280 2663
-88396740 8653
-58088279 5086
-25901249 1475
-51624321 4200
-18507596 836
-54751821 4657
-36740480 2533
-79835421 7794
-75921713 7394
-68590402 6260
-21992613 1178
-36839511 2614
-15244754 426
-67765472 6100
-53376458 4437
-83386360 8153
-85531224 8331
-83279211 8130
-47119829 3825
-86481165 8404
-26040556 1490
-46474033 3774
-27389615 1630
-38938803 2947
-56911983 4980
-28398719 1743
-78339182 7591
-82849623 8040
-57554591 5033
-89142902 8682
-18704187 850
-96038680 9476
-16388956 587
-64125943 5761
-43975877 3570
-49418274 4044
-47201154 3840
-33896722 2345
-98355604 9847
-28547969 1744
-31947603 2057
-28752328 1786
-72777420 7042
-34277708 2404
-49761881 4063
-82760962 8020
-29818009 1908
-59041416 5190
-54515301 4580
-55798107 4756
-60614919 5383
-91235939 8905
-18743656 851
-51202117 4145
-58023531 5038
-95111726 9373
-94755036 9297
-86519081 8447
-63699896 5726
-98268862 9846
-67847878 6104
-76298079 7449
-64542191 5776
-32207277 2072
-20906420 1100
-22959685 1271
-57985050 5037
-47668408 3847
-48396246 3941
-91614535 8942
-35700564 2481
-79072494 7679
-96450453 9598
-29000759 1804
-32324368 2091
-93139692 9124
-32349960 2093
-42578776 3389
-21972060 1178
-94735604 9262
-31905426 2021
-69904694 6460
-91675218 8951
-72911343 7069
-46191902 3761
-54061833 4514
-26719267 1563
-92273009 9036
-37983758 2785
-94976365 9329
-73469106 7157
-27986598 1714
-38517143 2881
-38603386 2887
-67250035 6037
-48931979 4019
-46056220 3736
-71851104 6882
-24316383 1348
-29755519 1862
-29444820 1843
-45652514 3692
-58031506 5059
-73705102 7179
-37754556 2757
-96792548 9639
-97452937 9715
-75048885 7298
-61192164 5443
-34272915 2403
-85116603 8304
-76259756 7412
-62061738 5611
-92566170 9061
-41087134 3212
-56410277 4823
-12450850 249
-32182072 2064
-38712353 2890
-13223271 296
-14297827 397
-89843453 8808
-20549268 1034
-37446149 2726
-36040239 2489
-77913113 7531
-82783980 8024
-64153935 5766
-33645589 2241
-15985991 550
-24499111 1361
-16112442 551
-46176113 3742
-52534069 4257
-82106731 7952
-37760473 2767
-55083448 4686
-45169429 3656
-27177496 1615
-12055524 194
-98241859 9840
-51443955 4195
-52823331 4288
-29136501 1825
-67605653 6089
-70140721 6538
-84344543 8205
-51088712 4123
-50353032 4109
-45050143 3653
-57893401 5033
-40454233 3123
-43022913 3483
-97930069 9755
-59687160 5283
-43204326 3500
-47994528 3869
-84062529 8166
-86519961 8451
-32009515 2060
-98521395 9858
-12120579 207
-38307522 2858
-95546303 9435
-92974585 9114
-67275000 6060
-80408806 7867
-88120232 8631
-78804172 7658
-87931890 8614
-70727760 6707
-21020790 1132
-66955972 6017
-11514795 102
-39899531 3076
-61110474 5416
-53674086 4494
-10208388 18
-18326589 785
-43115109 3488
-97654340 9724
-18462719 815
-35714275 2482
-77097267 7494
-38266617 2855
-70480748 6582
-44212891 3587
-12336373 243
-47043026 3823
-44196301 3580
-76206743 7407
-72082812 6887
-27769520 1669
-93090759 9116
-61286359 5487
-76028030 7403
-82722636 8017
-36139094 2494
-95049940 9343
-96129625 9511
-71395904 6720
-29127877 1816
-36889899 2618
-82990150 8080
-85156250 8306
-35094534 2427
-31225775 1974
-13873211 350
-30913002 1941
-63058203 5656
-94118117 9252
-81941066 7945
-40854684 3191
-27095416 1591
-38924170 2936
-76573381 7479
-72747481 7040
-20738289 1051
-86544559 8454
-88100137 8627
-12378296 244
-41860702 3327
-56248963 4797
-79635287 7702
-92982928 9114
-68309445 6177
-18431243 800
-19430746 929
-53890427 4496
-75572355 7306
-18583227 837
-27867130 1676
-19421441 925
-84353828 8216
-43983792 3572
-20149602 965
-30289367 1917
-91491634 8940
-69897730 6456
-92158937 9028
-48860398 4016
-92673739 9062
-76901640 7487
-57548858 5029
-98221767 9828
-16667909 627
-96511875 9607
-83062124 8120
-91762014 8968
-56545633 4876
-81295028 7928
-46185023 3745
-51790771 4203
-44503853 3609
-92464275 9054
-99250786 9949
-20286200 973
-33669461 2246
-31124289 1963
-21042128 1133
-90055642 8843
-19994772 932
-93833490 9238
-89284314 8721
-88170794 8651
-88474878 8664
-67105131 6017
-56089888 4788
-17538536 728
-76972596 7487
-35670198 2479
-32700722 2143
-52791910 4283
-48009908 3871
-55465431 4717
-38002084 2818
-35072799 2409
-10724415 67
-51912741 4216
-34730997 2406
-92021383 9004
-67546779 6080
-67160670 6032
-35101249 2429
-73518107 7166
-63525047 5706
-53620683 4460
-70123030 6522
-91961052 8993
-61406151 5524
-32401908 2096
-80820537 7907
-50250958 4104
-73270643 7136
-40040351 3087
-11680942 121
-32681832 2133
-48704554 3978
-27667192 1649
-88244874 8651
-37390840 2669
-10645141 65
-93621525 9198
-54566649 4580
-33373747 2231
-11091985 88
-69878577 6438
-79706788 7735
-54416336 4567
-78226808 7548
-49061647 4042
-78801806 7645
-41544831 3302
-26594397 1562
-50546678 4113
-63805375 5745
-99560633 9956
-47101391 3824
-16210339 561
-14881763 411
-62718895 5636
-73389852 7149
-16269843 569
-57131442 5012
-37410896 2673
-24671682 1371
-63770335 5737
-58314308 5096
-71995819 6884
-24795206 1399
-53416547 4449
-72152941 6907
-57081341 4998
-83488477 8163
-26219313 1494
-97453435 9721
-15665930 537
-54478748 4575
-13552183 326
-55253128 4707
-54857035 4665
-41178219 3218
-33715440 2285
-53057222 4400
-95130542 9402
-94262295 9254
-56375836 4810
-65007902 5812
-79777344 7751
-85757241 8336
-63027507 5639
-92719052 9066
-97180513 9687
-10390046 35
-91381204 8934
-66816455 5984
-54001490 4507
-74991693 7283
-62585457 5625
-76398949 7462
-61961940 5567
-86127792 8369
-53311911 4432
-48430373 3946
-78415028 7599
-11291402 100
-73501271 7163
-72291909 6919
-20444862 977
-59831898 5289
-25414711 1454
-42588729 3392
-44965749 3631
-92700656 9065
-87909051 8606
-33367155 2226
-42094552 3358
-99658609 9959
-58703152 5131
-30217765 1913
-72640982 7025
-43738101 3555
-85265403 8316
-72362092 6944
-60776163 5395
-16277531 577
-67425835 6069
-58863654 5187
-15165948 426
-39363819 2986
-19117927 899
-65328486 5834
-56143455 4789
-87799063 8589
-23198750 1283
-11649845 107
