1000 -1 1000000
-2171 5372
-4928 6312
-2626 6908
-4068 8361
-4122 8195
-283 8460
-3728 8733
-716 1696
-1921 1663
-2759 9269
-3333 4858
-1964 1324
-160 4901
-641 8930
-3568 304
-2233 4037
-2109 2282
-563 3654
-582 4472
-2851 7142
-285 2550
-4006 9909
-3686 7575
-1968 5373
-357 34
-2282 6718
-2400 4040
-4581 6333
-461 1568
-4162 1427
-354 6722
-230 4027
-458 3241
-4022 5326
-4124 1264
-3003 1243
-1964 6247
-3338 5647
-1827 8185
-2733 7773
-4589 2454
-2123 5624
-1510 8802
-3 7459
-1450 7892
-2445 9642
-2912 2091
-388 6507
-8 2605
-2647 1831
-3165 9613
-3537 2506
-948 6667
-1850 3094
-202 2778
-2830 5071
-1760 1863
-1491 1855
-669 9672
-1404 7713
-3729 1013
-3134 5017
-3812 2911
-2294 6516
-3417 598
-1614 4656
-86 7437
-20 3152
-2013 8178
-3610 4157
-1652 971
-3901 8022
-2083 6593
-3608 9361
-4584 3866
-2128 7287
-3662 8438
-2806 9448
-752 1179
-2315 3748
-4907 5989
-2766 5385
-158 2270
-2452 6381
-1999 2415
-3631 9259
-749 5429
-3424 7572
-4818 1940
-86 3944
-1931 9478
-2811 704
-1847 4474
-4583 6266
-92 8358
-3726 4861
-4627 1816
-3235 2401
-3704 9162
-1483 3870
-213 8733
-646 5270
-2896 4851
-4731 2167
-4925 2000
-4674 3302
-2071 4712
-579 5360
-2515 1195
-2808 7043
-4114 2567
-3660 298
-631 6830
-2991 6726
-1375 4862
-2365 1801
-2116 2291
-100 6342
-1993 275
-1984 6273
-987 165
-518 2483
-1179 7861
-184 432
-2410 5350
-798 1537
-2440 1389
-2667 2463
-4771 958
-2767 168
-3514 8281
-1523 2950
-880 9481
-4472 1125
-433 7158
-3041 722
-3369 7886
-4501 9916
-3926 3006
-232 9936
-2864 627
-3675 4702
-2527 3872
-4101 6591
-897 3724
-86 1758
-4108 5657
-4783 1327
-3054 9333
-4704 6942
-1049 5018
-1045 1852
-4379 7084
-1060 2726
-2114 6743
-1998 1222
-4424 9706
-4966 2081
-742 543
-1789 2942
-2820 7373
-1939 8330
-1319 4476
-1248 2663
-1877 4988
-2524 9159
-334 3419
-3905 4844
-2760 2314
-4836 270
-474 6988
-2962 4950
-3042 3590
-2107 2444
-597 9150
-2720 133
-1848 6456
-274 7477
-4039 7098
-1020 2725
-3736 1444
-2430 1941
-3366 3833
-4106 598
-3116 700
-3089 7683
-1323 7569
-1324 5912
-4956 3710
-2822 2519
-3614 5562
-729 8135
-2564 9784
-1268 4970
-487 4679
-3779 4465
-2495 331
-4117 9881
-4343 5445
-778 4448
-4253 6079
-4652 5958
-417 4173
-594 2907
-2788 734
-2445 4869
-2462 6218
-2412 1303
-4610 7872
-3003 6966
-599 4099
-3442 1342
-4548 8383
-3623 3388
-4087 6609
-1603 7329
-1849 8703
-1681 802
-4487 1377
-1274 2851
-4552 6213
-1210 2058
-4936 4030
-1949 4480
-3317 8296
-2017 5434
-1780 4451
-390 7762
-2313 9613
-3323 5247
-1030 7839
-724 9194
-182 3525
-29 9857
-3285 5181
-877 5719
-4759 4258
-515 7271
-3218 7225
-2173 9841
-907 2361
-4753 3331
-1580 2670
-1402 3875
-834 9890
-4697 6984
-2928 4108
-4183 5152
-4592 8583
-1640 1087
-1610 2764
-4119 4899
-2725 6318
-4904 2023
-3522 4980
-4756 9697
-689 3133
-3309 7995
-1231 4334
-4803 4670
-4186 94
-1946 6418
-4617 5880
-3655 4712
-3156 4427
-2409 2119
-2994 2070
-579 9619
-395 2810
-909 7915
-4696 1461
-3106 327
-3849 8409
-2161 3122
-4830 1383
-898 7492
-4745 7804
-740 9014
-640 7652
-3267 8539
-1126 8034
-45 959
-2166 5523
-1089 298
-4160 6236
-2265 4883
-2411 319
-812 7485
-1751 8508
-3995 1277
-1212 5776
-1007 8264
-900 193
-972 8760
-4534 9653
-3446 4529
-4282 8618
-506 4196
-3385 4967
-2099 391
-331 4784
-4320 4045
-2526 3319
-2285 7127
-908 1945
-343 879
-562 7779
-2582 2608
-239 3620
-4387 83
-1370 2057
-366 5350
-1028 5632
-3621 7053
-3388 4536
-343 5510
-623 777
-1463 8387
-3040 2140
-3410 8989
-1138 2430
-4133 2439
-1362 1577
-3845 2043
-1773 2816
-1811 8870
-4744 1027
-1814 102
-733 7669
-4943 6973
-923 2553
-2766 8651
-2367 6202
-2407 4627
-1986 5126
-3414 5004
-4210 4716
-3874 2526
-230 4950
-3460 6788
-1536 7793
-2951 7050
-2301 5535
-3555 3009
-3452 5476
-3323 4017
-4286 8021
-2070 5823
-2764 2296
-2827 1325
-4660 2110
-4264 3723
-1240 2152
-2892 1518
-1107 2126
-1692 2022
-1116 9602
-4064 9179
-1547 9941
-4466 6175
-170 6559
-4018 4208
-3123 2991
-684 3087
-506 1068
-4399 7364
-2525 8632
-2334 8588
-2327 2646
-4644 8752
-2869 906
-1437 7793
-1494 7998
-4454 6219
-3573 6347
-3996 3181
-2614 4681
-1709 7113
-636 9552
-2436 8972
-2602 2728
-2392 2519
-798 9358
-4182 4407
-86 9920
-666 1148
-1358 9943
-75 6121
-3786 6180
-3296 3164
-3170 652
-4394 6131
-810 8298
-4083 6870
-4499 9578
-3294 4665
-4539 5220
-1478 8180
-2191 9450
-2582 961
-1975 1384
-3937 1264
-770 3512
-3388 684
-671 5469
-4292 913
-606 4348
-3184 6394
-4299 4737
-2920 7757
-2817 417
-2693 7120
-1150 4662
-1419 6152
-4513 7048
-3477 1075
-4090 9238
-623 1965
-1585 4695
-2060 1365
-2164 6301
-2497 7179
-2375 169
-3458 1781
-2434 8806
-2420 2059
-4548 5891
-4925 174
-4032 7953
-3264 8239
-16 395
-852 8486
-3040 2167
-1860 2575
-1868 4496
-262 9170
-3558 7445
-3217 5745
-964 5514
-791 6476
-804 1370
-4427 81
-1074 3351
-4764 6559
-886 4112
-894 7007
-2031 5008
-3609 8703
-3683 5058
-3519 5623
-850 951
-3145 2990
-2968 1086
-1303 5450
-358 1260
-93 3751
-3511 5901
-321 1342
-4239 3672
-727 8620
-242 7868
-1048 7919
-1719 4863
-4799 6299
-2132 3341
-3238 9279
-4895 2277
-3562 4014
-821 4487
-1395 9541
-4336 8130
-254 9306
-4006 5377
-1338 1588
-408 8565
-3263 2457
-2750 3478
-3880 8880
-1914 830
-1789 6784
-1904 5089
-1470 7560
-640 8432
-2254 8570
-4162 7007
-1695 2162
-204 7276
-4767 5961
-3515 5178
-2871 2437
-1915 2715
-281 3386
-1265 2239
-4131 922
-3823 8560
-93 2501
-4974 2238
-3600 7576
-2650 6523
-3573 5863
-2718 6968
-1959 424
-3851 2118
-253 1201
-4138 6008
-2312 9070
-453 4549
-1601 3048
-3571 9881
-1286 4562
-3495 3484
-835 7658
-3404 7179
-3378 1271
-88 5461
-4293 6015
-429 7746
-3197 8254
-129 8321
-2835 9330
-2162 4749
-3808 8811
-1232 3406
-2480 872
-3807 2008
-4867 142
-1967 5805
-3936 8199
-1057 1849
-308 5470
-2619 5149
-1525 5673
-603 6037
-4360 8823
-2799 461
-4116 1689
-3142 4273
-3163 4163
-709 8365
-4238 3395
-3755 5310
-3861 9684
-4706 9400
-3651 3025
-3432 2402
-3409 3561
-1836 9260
-1655 5815
-2474 3239
-455 4475
-4052 647
-2471 9990
-734 368
-4790 8719
-858 7839
-3176 6673
-728 5411
-2052 2304
-2774 9849
-561 6414
-3944 1493
-4663 1025
-2387 3548
-4398 471
-943 5341
-3467 8992
-2275 7521
-4487 4960
-4825 7472
-4980 5953
-3551 535
-4567 4817
-3717 2575
-1984 4657
-1075 960
-3881 5610
-4131 7501
-2699 315
-3555 4715
-3444 8031
-1122 1713
-2466 6925
-1964 5848
-1695 4802
-3706 7347
-3090 4218
-1434 678
-4332 6863
-320 5388
-3631 3075
-362 6467
-2035 5293
-3438 2080
-613 3638
-2306 138
-175 8467
-1393 3759
-216 2124
-3561 6999
-198 6886
-2475 2793
-2391 4474
-4351 2327
-2875 5783
-1587 3353
-2839 7334
-3048 6587
-1731 9115
-1322 8906
-2800 9791
-421 5564
-2127 3176
-2022 381
-475 9118
-1879 4800
-4059 2324
-298 9295
-2670 9923
-4055 9218
-2797 6828
-3246 3072
-3785 9665
-1310 893
-3649 1458
-1249 5275
-3735 4719
-4871 8866
-595 8885
-4082 6123
-353 1550
-4985 3315
-3161 4751
-4667 4844
-1172 4452
-4016 2341
-653 6163
-1666 3941
-2840 7329
-4637 2680
-993 9159
-4219 9269
-1162 8779
-2341 8535
-1606 1395
-3136 1776
-1273 5388
-2001 4921
-4708 2589
-2961 524
-789 9801
-378 6851
-1817 3171
-1880 6575
-4548 6320
-2391 1975
-4238 2044
-4056 7243
-1005 3118
-4570 5429
-4149 6469
-2784 8318
-1993 126
-43 2983
-3439 47
-2206 5714
-753 9075
-3102 7800
-578 8929
-711 5345
-4735 7294
-2310 9143
-2745 7292
-4690 7141
-514 4417
-2068 6283
-4280 5020
-1505 8317
-1954 2097
-4417 591
-5000 752
-438 3140
-2230 7337
-2028 9183
-2557 2366
-2695 9548
-1314 4428
-4049 4226
-3257 2121
-2930 7614
-1481 6364
-290 6472
-2600 8594
-782 3904
-448 9000
-4367 5393
-4410 8210
-4874 3401
-3165 914
-1505 8754
-1595 1358
-1256 4805
-305 9659
-3181 8479
-677 5312
-52 526
-3808 6819
-3388 4196
-2356 5163
-17 7479
-4090 4575
-2453 2037
-151 4258
-2793 8595
-4122 6787
-1109 2303
-3087 9178
-1504 9419
-1039 4956
-1055 4910
-3822 3629
-4586 6387
-2804 1291
-3904 7634
-2228 539
-2796 7678
-1503 4327
-3754 8189
-3069 1693
-662 8073
-4366 678
-781 5243
-2752 1547
-3854 3132
-4203 975
-3481 5745
-4910 8523
-2183 8293
-99 2264
-3493 5345
-1541 7331
-2650 2557
-4585 5016
-2198 2265
-2518 7339
-2777 7670
-4935 6674
-1622 8758
-3304 9927
-1016 4235
-1084 6517
-2803 253
-196 7917
-76 7165
-4573 5860
-3426 6566
-158 304
-3611 940
-4764 2636
-2947 9665
-922 3175
-4419 3896
-502 7266
-4380 5371
-2052 6430
-4353 9764
-2598 366
-2031 355
-4322 8055
-1648 2991
-2317 3144
-2310 251
-1929 7236
-2706 3691
-4503 7205
-4274 9026
-4002 3367
-4911 775
-1872 9660
-2289 7318
-12 2973
-268 1416
-3443 8751
-1706 9206
-1038 1977
-3141 9422
-1116 3765
-651 1716
-2632 1849
-77 7365
-3273 3505
-1470 9785
-524 9199
-3033 8400
-4328 4759
-4194 3664
-3635 1535
-4562 4557
-4219 2690
-2857 4825
-744 6699
-2947 6284
-4656 7855
-243 4619
-2437 7202
-3379 5039
-2194 7429
-4374 642
-2423 9075
-4029 3790
-1799 1770
-141 3466
-2254 1557
-1837 1153
-3434 3621
-3986 5968
-100 8102
-641 9847
-3248 6750
-1349 886
-4187 1196
-4898 5570
-918 3885
-2040 1271
-2970 4652
-4320 5013
-2411 7777
-3478 6978
-2120 5035
-4702 3408
-121 6014
-4830 3879
-2524 5340
-2389 1020
-3374 8033
-3432 6810
-3062 7081
-1840 1117
-62 2671
-3110 8626
-3736 6598
-2820 6230
-3425 6257
-4427 4868
-3730 6347
-3352 3580
-355 2186
-3063 1445
-1739 8259
-4079 6527
-2340 4473
-1986 965
-4093 564
-1225 3124
-2717 3168
-4384 9834
-1045 3652
-1600 2104
-4388 5865
-3245 4753
-2871 431
-160 4283
-1043 3404
-4774 2418
-2633 4636
-450 6897
-3681 1676
-2916 1639
-4005 6792
-1158 2634
-4918 6150
-4500 3785
-4042 6872
-3575 5047
-2513 9913
-4970 1577
-4418 7150
-3062 5076
-3360 8961
-2169 2978
-2783 4610
-4471 8157
-451 9632
-2561 7686
-280 9292
-3069 2041
-1218 1964
-1668 3449
-3528 8708
-450 3288
-4755 363
-1297 5905
-224 8024
-509 5950
-4841 5514
-2209 8702
-1751 2549
-3994 5422
-2770 826
-79 6066
-301 5928
-4218 9902
-4660 5541
-577 6027
-1248 7843
-1749 375
-4433 6350
-778 3309
-4352 8115
-4544 260
-445 3685
-2021 5101
-999 7654
-2585 8037
-2554 9964
-587 8818
-4596 5337
-199 7771
-564 2447
-3359 9897
-2914 7125
-2824 2629
-2794 6993
-3074 1279
-2267 8733
-3091 636
-4511 3821
-2997 2893
-4437 4383
-4172 5387
-4836 3407
-4195 1280
-2530 9854
-4306 855
-1472 9835
-2439 9075
-357 4320
-2012 5946
-2488 5075
-808 3804
-2056 9307
-1819 2797
-2502 7960
-916 1782
-1515 7578
-3273 3151
-458 5718
-1886 8990
-2078 6537
-4218 4145
-4515 9802
-2879 8911
-2793 4116
-3093 9412
-4755 1615
-4693 4599
-4053 8758
-3094 7408
-1786 1585
-1281 6625
-589 889
-4148 2006
-166 6775
-3596 318
-3622 8331
-4878 497
-360 7852
-3702 9048
-1304 970
-2122 148
-236 9776
-1228 4572
-2682 986
-4116 5403
-1385 9046
-1225 3276
-3563 3077
-3371 2693
-699 7807
-4029 8145
-2317 896
-576 1534
-2564 9634
-2783 3249
-242 4221
-3722 7356
-3607 5822
-3864 4243
-3346 5920
-1845 8829
-3245 5848
-4685 151
-4917 8011
-3891 4729
-2731 7846
-3084 9697
-816 974
-4380 9885
-3447 943
-366 965
-4580 2947
