1000 1000000 1000000000
-306320182 1594997
-809640183 1560886
-526530702 1245734
-105285124 1063553
-611286584 1914801
-631077805 1384165
-853331291 1002246
-758827470 1910760
-769325801 1379287
-828166373 1337850
-865624726 1946866
-316107840 1575675
-92499546 1244743
-278274831 1915790
-454159884 1265903
-998447587 1370035
-100796576 1455109
-859530476 1369754
-183280451 1757440
-68448184 1204192
-236403209 1724565
-189670098 1511396
-588474996 1961842
-586846260 1694404
-330997556 1243003
-303864689 1522486
-863188486 1286743
-492445415 1550568
-428406132 1201031
-139152498 1288819
-706947290 1459277
-452969349 1822851
-332699792 1349671
-207136488 1402304
-320792150 1714727
-563009256 1965568
-837780755 1422736
-992424996 1995165
-398140664 1151247
-531251032 1644551
-177567014 1798722
-589433404 1666448
-647821404 1988525
-803833749 1753754
-585980727 1846019
-793456368 1323245
-353993623 1181366
-622861337 1904010
-585785262 1443939
-95912137 1919928
-535123545 1447265
-580984144 1872683
-207801505 1096067
-699144060 1235130
-444792874 1776705
-507749568 1604508
-973321862 1837898
-974309878 1542243
-467376604 1900996
-512009767 1893740
-487501665 1905114
-468591292 1371122
-518391601 1965426
-979521435 1155840
-455857041 1013050
-84920712 1045973
-418589661 1790299
-142261092 1472477
-80289048 1155744
-65788657 1946538
-467400563 1273675
-110212094 1968654
-381341832 1390330
-713174780 1563039
-421235526 1200576
-127268831 1529549
-38498222 1654883
-216996945 1437777
-61985575 1886985
-911087364 1418158
-906013254 1228934
-851938414 1264226
-764217777 1225154
-976266835 1232485
-586792975 1700869
-613262799 1577108
-982696703 1405507
-3310364 1065382
-956467768 1663750
-310828621 1308454
-493843175 1964874
-487094417 1532636
-579881962 1797625
-555602663 1103194
-179485889 1695374
-543068216 1791385
-592979341 1101816
-682061157 1032635
-879055921 1628380
-787420894 1832999
-188902970 1625091
-733090056 1588043
-203002941 1403564
-15005590 1201256
-417751637 1582318
-384449389 1094471
-781246577 1148384
-995908355 1943544
-350628927 1840315
-599908507 1947407
-286329873 1528794
-857517942 1626286
-988820192 1204962
-357143108 1019365
-457257396 1500792
-939876017 1290897
-953682564 1807290
-170474747 1491220
-801454528 1924340
-723869497 1548621
-821854551 1199520
-808835708 1393802
-827450792 1660393
-505459535 1452730
-660081303 1378342
-882294709 1012477
-840538097 1085745
-220726957 1867548
-537018624 1004052
-270411332 1791727
-568518757 1729181
-925574690 1586183
-114807085 1372170
-573331758 1918725
-436386188 1813641
-641490274 1861063
-998322665 1977715
-254577545 1797309
-746292492 1940931
-444033715 1726126
-724958836 1069166
-392751520 1110625
-235831901 1747167
-112273272 1834766
-700770910 1509895
-963906361 1753613
-101938930 1070323
-438625503 1392046
-597634559 1250669
-480052736 1528729
-289080625 1859383
-656950188 1143295
-912659863 1725412
-923956125 1918524
-552062596 1092662
-328903957 1057638
-752266916 1074294
-829099333 1999995
-287603556 1289729
-904425206 1791611
-146306635 1321787
-548222479 1355372
-685044070 1084603
-860943927 1479911
-233281379 1305984
-996081154 1180457
-334191640 1400761
-408398360 1211974
-677826615 1374002
-950189812 1256299
-911374843 1839825
-799961243 1930679
-634859398 1079456
-954464384 1549743
-394601454 1784195
-106589717 1837588
-89222001 1165429
-167669423 1172355
-891253478 1968862
-114227357 1099517
-912117296 1115594
-696118255 1565448
-781564525 1942266
-664275027 1023193
-707462299 1901678
-739599283 1693176
-471487937 1062917
-912811983 1887554
-207454783 1427718
-575519751 1821752
-63156252 1683638
-148182940 1185010
-891219519 1917134
-804424039 1630668
-444024743 1513881
-772000121 1004094
-320345677 1425265
-118473625 1891072
-250735143 1520701
-362494726 1616547
-575801125 1546739
-545195057 1160150
-494146175 1007477
-694046757 1339903
-268870398 1484105
-661455565 1189159
-959277726 1332075
-446130000 1192530
-613188377 1596327
-828236630 1150321
-819048748 1415140
-28925680 1129695
-562753455 1202130
-856009535 1307883
-338444750 1968764
-652809157 1035029
-903810097 1780931
-980552725 1144431
-714609964 1311240
-961777743 1044207
-43710311 1091894
-506692106 1942249
-673816937 1035685
-230826960 1575365
-118493500 1135975
-913056486 1013616
-121244297 1782959
-529897713 1396536
-404137603 1193792
-52700226 1356368
-500521426 1991109
-554439452 1525208
-625524424 1914008
-725496196 1400617
-411724811 1912427
-808025849 1223341
-540457244 1975626
-493024695 1402761
-977257753 1968045
-788637932 1508557
-684118239 1909394
-190729074 1797146
-321519809 1374783
-851504994 1800825
-868495941 1330841
-209528984 1971088
-613314909 1888515
-180890007 1102249
-221335939 1568376
-760334661 1229001
-845918331 1929220
-134259506 1457928
-85083014 1626034
-853831031 1661815
-736642374 1846776
-904427506 1428138
-474545775 1646015
-40370585 1007623
-620515225 1918302
-128363510 1436933
-5864769 1088924
-273853509 1784633
-202659651 1910646
-847955590 1664516
-695320277 1334141
-322311266 1308447
-788421753 1363902
-319252722 1741454
-103667266 1387814
-630329571 1986724
-521482489 1168257
-124911046 1443837
-494902706 1424487
-45969727 1439684
-313223480 1890720
-498342526 1049388
-653573381 1832993
-524349311 1481408
-367787992 1190328
-22464776 1902210
-993633291 1704865
-509601226 1558230
-384031961 1589842
-530490745 1733704
-748181785 1269142
-738562383 1595178
-143670111 1128420
-506717573 1549081
-440493607 1850783
-835954594 1725155
-777640517 1707108
-472252726 1360494
-621176962 1145109
-95934936 1054112
-927896454 1152783
-262073468 1778512
-823693015 1353681
-8026593 1056218
-959264964 1252909
-387135813 1641610
-420478530 1196093
-783139369 1962833
-342115710 1234638
-234710431 1448203
-930305047 1638935
-617580928 1573954
-6869950 1802548
-99436991 1732665
-897013683 1208155
-969007562 1799719
-210535362 1086381
-899993102 1572591
-781900928 1499222
-839820887 1236998
-98347683 1956209
-348155536 1239196
-694359547 1485641
-537631917 1842725
-819729066 1279591
-90070589 1997749
-573244841 1849838
-847513389 1416306
-362378321 1924668
-100771284 1885750
-285284272 1161546
-44544032 1087606
-292272551 1296181
-192966228 1412181
-821996711 1359990
-607004944 1992019
-853880050 1512569
-229249341 1503714
-366900590 1642324
-195575434 1112012
-208673968 1420719
-301260738 1846836
-201954795 1443257
-924590986 1717272
-443200564 1529882
-688077935 1412301
-435932671 1338202
-271829150 1935847
-758464647 1765530
-762904851 1050988
-173883024 1025536
-11814409 1314187
-954463937 1115295
-504115523 1100334
-196398628 1095133
-1427046 1482562
-565166691 1028313
-287693168 1576498
-276056544 1679523
-450756448 1406349
-49334145 1711680
-315720824 1927899
-107440661 1330507
-471119871 1249516
-728180280 1598003
-681209808 1696811
-810875765 1608172
-297141703 1647280
-555931415 1599314
-562897219 1610634
-455810642 1583302
-499311708 1285561
-938779144 1930663
-811221924 1918777
-802245634 1380679
-918605508 1695987
-431824989 1453220
-428900960 1176069
-274049542 1622754
-151613992 1544407
-222197940 1446872
-218561133 1562681
-50187789 1424538
-712305558 1721592
-528791458 1631757
-803746462 1760603
-485611651 1976097
-721334093 1274939
-949380933 1988200
-760004401 1856751
-557867664 1326606
-719255034 1314209
-216528624 1127627
-166534048 1934821
-618422872 1427505
-489452652 1776894
-716478033 1636840
-938547062 1368323
-353558095 1043158
-30717044 1274122
-765611557 1732743
-625709317 1565638
-360648862 1434119
-306100865 1134999
-718017269 1626710
-36027477 1392038
-578682716 1784303
-751843604 1277676
-718904657 1752391
-739529983 1641422
-82068854 1581169
-669287931 1253857
-790649420 1290999
-739702656 1201285
-358721275 1165578
-435553969 1881463
-928564308 1225310
-564677720 1700877
-438607631 1606332
-238083452 1968266
-144820688 1030494
-705767729 1468830
-707240780 1931664
-165317935 1461131
-975203747 1334679
-399807017 1037409
-849263035 1618057
-781259673 1787304
-842765567 1585768
-107599509 1235137
-87945319 1822497
-772812103 1324762
-342651115 1702046
-606758518 1724950
-626861074 1268430
-246950425 1921529
-732797971 1630290
-725710852 1165984
-699972333 1173984
-703226669 1531947
-154684606 1152477
-29997054 1473147
-929296387 1235589
-773777460 1409906
-191198330 1378958
-855606161 1901293
-379225711 1344534
-738199887 1825187
-174344231 1299442
-1319290 1175887
-163963767 1935406
-704904708 1739367
-916991145 1223782
-660304856 1286760
-852461092 1289845
-348031855 1090394
-95992908 1723267
-429138265 1035510
-564705910 1247040
-57884120 1140932
-522105128 1273962
-378623518 1558239
-141749842 1117060
-196349644 1390290
-768145964 1442346
-962573572 1563755
-540964975 1456733
-7382269 1350815
-249812791 1860587
-821390239 1682240
-294273392 1742598
-942726140 1002564
-619599617 1762984
-835729064 1307502
-434503380 1007483
-677061070 1360289
-529515046 1609173
-358410009 1285420
-855465924 1814341
-973403286 1876722
-960336072 1845828
-307655731 1271382
-845832317 1095497
-647529410 1485574
-908150276 1413080
-458754249 1552592
-861624001 1840626
-870068385 1784350
-418738254 1072531
-491643691 1284454
-492287916 1844738
-921536109 1754952
-908337175 1646393
-644068500 1423015
-810253931 1721551
-2884891 1174554
-813152135 1086632
-52377132 1326701
-844260570 1880903
-93197458 1119668
-924260714 1829708
-995625159 1236494
-876065495 1079111
-213905706 1583684
-570266396 1988099
-480572985 1355126
-802055790 1230396
-294733084 1491709
-718025743 1466456
-225334660 1129058
-27696839 1064616
-504409443 1279883
-635290400 1033540
-614751025 1494475
-612297136 1762025
-738386926 1166166
-339460108 1334814
-34359201 1286154
-469256457 1694100
-150426541 1576676
-115929201 1116118
-674991939 1932499
-993122380 1268027
-564334811 1046473
-223709923 1333852
-489973827 1066852
-352670567 1532141
-50872263 1692517
-351385545 1070353
-655243469 1773856
-969054064 1127316
-735610451 1510681
-641099977 1403711
-415642557 1167397
-727903074 1888475
-703890820 1998216
-122278359 1550657
-931363095 1167583
-727858459 1505648
-512054332 1656268
-207094427 1081007
-683563465 1354564
-850371936 1236439
-546819594 1134088
-823815521 1881820
-103485625 1549222
-916031480 1398251
-689622907 1471871
-183013638 1407372
-268112973 1802812
-516792329 1203649
-740507641 1400610
-188663040 1716831
-287033310 1041842
-46647340 1848328
-797793825 1426379
-463292299 1603059
-92365753 1378971
-95661454 1793870
-861038646 1340768
-235041810 1233857
-117092462 1818964
-256044724 1270584
-392311228 1298093
-975616186 1082568
-44281408 1426406
-434179451 1213783
-765887738 1071568
-721349168 1084951
-680302388 1038158
-744869493 1021759
-740420524 1345952
-720961960 1844518
-220801598 1215522
-576983435 1191377
-40821159 1812737
-126015381 1676088
-933729571 1334809
-81124702 1792974
-724831078 1453679
-544501488 1311221
-184187980 1711206
-494895977 1282704
-349125202 1021888
-108522531 1247653
-852678064 1747989
-626428947 1697750
-777812594 1786197
-193848852 1257955
-48413847 1460013
-810734465 1281291
-371042437 1460739
-649232311 1312744
-933363376 1375135
-318677183 1009687
-541084742 1826293
-448149225 1570554
-691698656 1076742
-646957055 1689020
-361490589 1814040
-871482071 1421917
-239072163 1864090
-139818983 1073502
-389957878 1374250
-881812319 1618933
-844144787 1251226
-926246058 1207175
-638606237 1512786
-815332029 1804136
-191456429 1969182
-831823945 1234321
-935490100 1348442
-387465137 1028201
-322855606 1250912
-989647933 1356003
-960398338 1710953
-281642343 1189394
-937145279 1944342
-881369100 1447202
-587172751 1651337
-451742961 1071434
-891312254 1488170
-340948949 1836557
-447099176 1791787
-576039727 1872319
-749239787 1862241
-862884153 1832348
-884459975 1280389
-67401372 1902696
-631233567 1295769
-885460938 1375407
-403473323 1237188
-744755549 1253829
-569906729 1355203
-110336311 1609000
-282775628 1616205
-34714146 1253073
-870550732 1689864
-426282231 1349127
-721655544 1010677
-862079077 1624170
-610248796 1689516
-916075389 1584455
-683092125 1388771
-541016420 1904734
-950321903 1895418
-26142361 1085056
-182064591 1689287
-402514031 1508462
-633858633 1998150
-175373818 1334967
-525333546 1004939
-605898856 1012736
-212035371 1470419
-945786363 1128212
-916891427 1662211
-317753871 1556216
-741318528 1064654
-610257581 1391070
-52508958 1121261
-792267723 1962768
-290892615 1212821
-163393597 1252027
-563043147 1249357
-602038770 1902438
-754579513 1405640
-735346587 1498066
-249280573 1642929
-350910248 1757967
-330898486 1267446
-152051363 1575158
-113432290 1491134
-866197458 1719603
-513702029 1986624
-575787089 1717674
-550687644 1935616
-999308998 1373338
-769757779 1743801
-555274766 1659995
-989193932 1911583
-632589866 1073497
-455579914 1186554
-854829455 1251655
-61851129 1577709
-968606737 1644867
-81594633 1705195
-730669603 1008180
-734210869 1127176
-857906238 1690982
-14591421 1793437
-56382380 1708288
-252060845 1646479
-386322170 1114957
-607287353 1621772
-955673817 1258920
-867203586 1096865
-680105331 1033947
-641328074 1419860
-121263327 1494763
-411837095 1503701
-81426204 1200475
-846875840 1101140
-767526020 1127750
-501656710 1068154
-943605783 1760560
-720646868 1208997
-597090243 1289050
-229307927 1013563
-455360278 1320844
-5657474 1114268
-147290941 1302510
-89551462 1596418
-864414367 1649358
-399164201 1571088
-279881189 1574270
-47971871 1653428
-905038227 1426857
-614743014 1330294
-73577104 1905237
-224829205 1019858
-841657418 1486433
-636318509 1829094
-468981765 1213029
-905899936 1510642
-334439860 1072300
-900572429 1847757
-377027595 1891094
-614606702 1082079
-159779283 1456467
-883259437 1386749
-876812766 1199139
-387159509 1905060
-732916058 1790316
-695850215 1131825
-730759867 1503957
-892764175 1681050
-147654985 1163843
-683979213 1840915
-148683119 1543874
-908854388 1168988
-512017903 1654505
-138391131 1355153
-59329481 1935626
-902695398 1363992
-595429298 1413812
-850317113 1034416
-712806973 1324516
-910613320 1749177
-883058444 1934005
-390125086 1925794
-27127998 1644095
-629936044 1214879
-862952222 1456654
-930772256 1741762
-117243927 1522811
-931685283 1843303
-654702919 1366227
-876663750 1423379
-744250139 1877460
-686760998 1976220
-955328214 1524518
-793346401 1641427
-853706968 1901004
-935005956 1930683
-894681416 1029818
-742729314 1152306
-149322007 1048208
-905670169 1397680
-412113249 1507680
-396594909 1335848
-278716255 1553306
-172568360 1900656
-576064057 1991992
-949594368 1742669
-896517609 1108411
-867457814 1008825
-724726560 1226288
-667823080 1894931
-266065882 1513181
-305038231 1037340
-829576115 1905430
-713621389 1727697
-800531242 1894748
-576911576 1126325
-342911333 1933741
-103924615 1714674
-441209216 1448069
-130462070 1605029
-648331678 1717213
-192160253 1393364
-666762956 1800266
-32336487 1279255
-670580602 1802507
-587175233 1093966
-480687288 1340944
-84488121 1780357
-16565878 1723900
-729711087 1783981
-514960751 1537035
-937697491 1569294
-280737185 1211206
-371801905 1353376
-340364863 1204178
-601546692 1834484
-686510060 1606592
-836725098 1115907
-997693274 1489061
-587598566 1379521
-697371242 1700645
-896997560 1399435
-5961133 1481341
-61743687 1408645
-198692811 1376249
-960123103 1899353
-995160928 1703173
-618711123 1626955
-632050026 1159892
-74040853 1868871
-72072618 1158812
-547078434 1679637
-608982764 1241245
-501649723 1982158
-914595567 1687253
-30544968 1724167
-750721890 1706491
-120399372 1181219
-831441647 1747520
-100030963 1984268
-993981912 1433095
-11370183 1123777
-198913882 1022371
-540336915 1430203
-943798223 1610587
-605799120 1689779
-235847275 1406930
-499051692 1062768
-888119253 1288837
-157726358 1981534
-622294403 1848801
-734490071 1335742
-692587476 1651880
-925425804 1995118
-6729695 1669567
-434697947 1718515
-82679523 1006554
-748313758 1857221
-434420289 1575778
-190398247 1247608
-20013267 1008528
-702337647 1501654
-286834144 1576214
-26901391 1375735
-395935941 1753626
-384674382 1740893
-941860485 1261918
-599926686 1913630
-504010335 1393683
-9269779 1596346
-341156365 1958568
-829973945 1547395
-42358980 1127030
-908168716 1725796
-512037727 1304392
-564723274 1352530
-384942820 1823915
-239176443 1615430
-156139984 1705585
-521769237 1917219
-629211201 1759201
-775659771 1710771
-732631603 1798941
-221769334 1414870
-323782702 1135594
-877428927 1814338
-2226021 1391426
-44918021 1720291
-585335677 1072620
-460528361 1314840
-646952292 1676327
-804906089 1706935
-804645689 1730498
-255274297 1261979
-46360651 1456562
-396695249 1687100
-467515634 1654306
-886777650 1246578
-889989486 1287956
-200565129 1560491
-84431274 1604993
-613441863 1173498
-636780529 1607213
-998116738 1228264
-555283238 1706126
-239278517 1047847
-246889575 1869912
-718991936 1126891
-548029864 1203283
-520213957 1143849
-593560173 1171618
-895851934 1557514
-296673941 1326483
-359416216 1105759
-238315109 1965001
-556637125 1014994
-916566320 1731757
-166335729 1247877
-133061563 1432287
-712545843 1150945
-71970638 1152803
-473066525 1063306
-880719625 1354728
-248277087 1981421
-123925718 1880926
-26282920 1295827
-33671538 1418173
-651661660 1939673
-904429515 1711526
-518833710 1931891
-838935215 1344582
-473729890 1773429
-666903343 1385836
-147118426 1632229
-371891281 1863662
-946189708 1314836
-788090697 1950856
-653675859 1307027
-345405293 1688855
-551119142 1922328
-883168179 1605752
-248905215 1604043
-343078346 1735138
-50089747 1009036
-177288904 1486169
-806554409 1127549
-677598078 1002202
-879132402 1247482
-764311505 1953035
-448981188 1607105
-778445336 1942310
-904972245 1872891
-662443188 1526613
-919664881 1140333
-908930094 1345025
-405167014 1200696
-939939589 1898758
-816450596 1406488
-813879424 1037291
-633102757 1870358
-929457006 1889858
-895889828 1203969
-869616357 1604628
-482814515 1911708
-53048967 1354351
-808365975 1698550
-275295151 1580261
-906645595 1405152
-708158872 1958156
-591176571 1879566
-233982902 1445611
-207487646 1570929
-244598818 1306573
-237746303 1937651
-606957977 1301785
-683171760 1432769
-29729364 1210070
-582229432 1640334
-726238656 1143321
-95950386 1465994
-507398400 1016446
-920168889 1804867
-350291407 1315611
-465013237 1707967
-601370185 1994401
-932133339 1776771
-285458261 1691290
-292887287 1104825
-798343689 1332702
-932481871 1107045
-908229005 1600604
-531227953 1056300
-749200062 1169878
-552415867 1238886
-219620789 1700242
-444036542 1513871
-462440343 1994484
-949860012 1791541
-460364317 1758639
-483181299 1582557
-541059665 1249300
-66594829 1067790
-553975945 1230233
-556663421 1496775
-147699424 1551846
-539196919 1248712
-785060199 1578305
-194791510 1112940
-226512671 1851489
-190567178 1850350
-719216810 1817055
-287104865 1037604
-897724487 1236274
-480566549 1224230
-786104104 1697226
-72313675 1475451
-706282306 1423695
-441355396 1484236
