1000 0 -1000000
-469958 5118673
-995218 9937409
0 3461814
-567906 6095015
-262431 3496901
0 5627824
0 1634008
0 5319823
0 8851938
0 4379737
0 9235848
0 4531561
-333180 4040763
-604696 6611547
-44013 1282576
0 2613272
-115141 1971456
-603361 6584492
-454367 4984361
-629525 6815422
-410117 4564514
-840178 8834736
-424579 4745548
-112391 1937706
-297935 3786042
-398949 4425611
0 9281614
-963514 9759717
0 8616964
-642609 7096040
-590027 6361837
-3258 1029297
0 9538560
-798087 8448421
0 6336084
-91832 1748929
0 6777199
-972896 9815668
0 3710371
-529195 5676221
-880512 9047502
-847268 8906216
0 5898977
-657377 7289658
-680025 7425366
-764964 8296107
0 6897716
-538282 5692288
0 1660271
0 2864874
-118491 1990655
-50873 1291301
0 6937083
-717943 7731323
-53151 1310508
0 2039604
0 5429349
-312483 3868740
-649228 7123074
-258805 3490793
0 7673129
0 2036918
0 1561695
-819155 8615637
0 8194272
-815734 8596298
-523976 5672736
-245606 3343144
-989502 9864781
0 3601868
0 8275864
-72945 1429756
0 3999341
0 5699376
0 5722267
-146703 2215664
-938046 9554450
0 6878109
0 4089627
0 6094468
0 6336551
-720866 7802927
-223689 3045823
-117791 1987141
-564547 5989558
0 6517105
-263255 3506476
0 1880273
0 9477726
0 5874932
-914158 9277653
-182990 2511989
0 3773182
-362903 4210902
-693264 7533897
-957451 9703015
-227451 3096803
-715874 7674739
0 8211941
-541617 5760124
-759565 8247108
-613959 6677830
-926209 9383015
-629943 6819744
0 3976444
-177497 2399728
-651541 7186586
0 1488099
-249224 3362930
-895248 9158199
-332595 4000503
0 7610168
-305593 3820692
0 8282774
-830369 8795552
-835601 8831568
-214517 2761549
-462842 5106425
0 7192911
-650167 7160100
-771928 8313341
-575279 6152122
0 6330741
-18593 1066585
0 4706676
0 1372943
-653224 7209909
-927574 9395890
-224340 3092938
-851503 8932157
0 9141662
-70008 1411148
-217751 2853903
-734873 8015048
-485459 5170016
-129703 2050370
-7194 1044840
-52241 1304648
0 3585232
0 5787077
0 6928909
-244246 3282539
-455882 5072739
-660102 7298121
-459239 5086352
-2623 1027622
-69883 1400029
0 7392870
0 6009882
0 7896716
-229147 3107144
0 9688343
-495323 5297421
-186457 2517809
0 7661057
-735411 8016116
0 3100748
-497950 5379310
-123264 1999768
0 4064871
0 7370204
-754915 8164304
0 2462233
-738184 8038660
-131844 2082405
0 8580958
0 8075824
0 4604470
0 1368298
-289227 3717685
0 1199080
0 6979731
-512887 5500095
0 7161534
-980993 9825084
0 5481346
0 6429976
-962668 9755428
-640989 7082896
-854602 8936785
0 4792047
0 4752750
0 2976479
-400509 4439344
0 6408524
-289615 3732796
0 4770319
0 2413997
0 9034947
-396203 4379992
-111176 1920822
-726411 7841219
-369359 4272696
-522977 5636702
-936688 9524856
0 2163941
0 9859366
0 4716908
-240764 3169549
-534868 5689010
-108726 1876593
-708354 7673411
-342116 4097123
-205862 2680470
0 2622624
-832880 8829988
-416780 4612378
0 6604310
-410236 4578979
-616542 6730766
-247087 3343922
0 8541173
-917141 9296335
-831895 8822777
-682607 7438307
-238817 3140519
-635684 6984868
0 8059994
-941604 9621323
-253180 3383253
-865439 8946781
-41815 1240411
0 2231704
-804926 8525691
-753691 8156418
-774591 8375595
-601266 6561727
0 4136732
0 6163642
0 5411245
-552271 5860586
-402145 4493908
-590216 6365138
0 6862828
-840929 8854021
-610381 6643466
-913111 9276611
0 4096721
-967653 9786460
0 1145238
0 9688491
-687243 7464187
-115819 1974027
0 1512209
0 6401296
-110908 1906290
0 4092274
0 1926791
0 6792526
0 8851106
-899674 9183981
-223265 3003929
0 4466485
0 6762197
0 7127166
-598038 6546657
-276207 3661612
0 9197386
0 1705058
0 6609326
0 9064318
-561841 5932196
0 1548867
0 2500442
-631342 6848081
-692320 7490878
-342570 4099883
-417270 4659951
0 2831531
-108375 1875922
0 7018646
0 6884420
0 4494503
0 6595086
0 9320430
0 2228316
0 9782942
-205126 2663212
-275825 3642194
0 7802660
0 7637860
-796099 8421696
0 8214876
-970688 9790128
-887288 9123688
0 6285095
0 6526930
-29271 1149556
0 1712621
-808463 8551332
0 7586312
0 9052158
0 8935634
-878866 9040980
-909401 9205654
-803792 8500309
0 5797915
-319197 3911644
0 9013869
-737765 8031667
-546266 5824187
-343171 4105989
0 3467800
-423133 4719321
-97705 1753838
-654826 7245804
0 1214203
-988753 9844998
0 8731173
-715981 7730834
0 7833370
0 9341688
0 7298239
0 5087916
-504554 5463410
0 1229360
0 5637898
0 8755624
0 1855095
-701271 7558924
0 5051616
0 4440827
-501010 5425794
0 9012932
0 6042233
0 9255910
-520225 5594583
0 3212224
-240955 3218362
0 3493732
0 3444915
-553144 5864209
0 8260659
-774408 8374713
-186774 2523373
-850923 8910189
0 5521190
0 9882717
-103563 1831880
-63401 1394406
-631078 6820916
0 8868699
-828419 8770009
0 2628946
-507989 5477912
-220833 2936822
0 5723288
-416354 4609966
0 4996957
0 4559931
-766641 8308199
0 8951150
0 8973591
-249669 3369641
0 2933164
-100064 1755969
0 9521571
-89943 1746007
-881220 9063063
0 4620798
-147021 2224258
-254749 3445156
-78901 1595256
0 8720950
-176771 2395404
-797113 8440913
-312451 3853767
0 3967087
-385699 4293306
0 7341334
-220238 2935906
-680355 7427816
0 5538877
-703035 7579764
0 6366707
-638933 7028355
-541324 5737645
0 7101311
-619964 6748981
-603780 6606824
-743686 8105434
-417064 4613743
-551623 5853635
0 5977230
-585240 6199788
0 5001071
-333519 4044577
-824445 8736288
-331877 3999994
0 6246762
-500438 5385909
0 5824422
0 1524283
0 7163863
-333918 4058709
0 9806694
0 1002713
-585668 6222668
-203380 2653745
-386581 4319039
-42505 1265742
0 5926568
0 4798970
-824862 8750681
0 7311037
-738923 8083909
0 7543845
0 6285371
0 4218018
0 1613840
0 6468087
-796354 8424784
-200035 2632585
-745407 8131713
-125834 2020454
-796086 8420399
0 6649674
0 5693195
-427653 4785419
-408018 4514960
-56981 1384038
0 5878616
-389582 4338721
0 1615281
0 6097922
-596952 6503773
-174526 2392301
-241358 3236789
-911125 9248252
-173238 2386255
0 7997745
-972223 9806635
0 1472603
-564922 6073485
0 6960733
0 9734037
-454056 4956101
0 6168585
0 7019713
-216429 2824128
-517862 5535241
-512411 5492208
-73412 1525584
-53784 1333753
-19125 1090375
0 7654397
0 6220756
-202865 2642303
-993608 9888921
0 3594581
-169335 2332995
-928424 9399575
-2141 1022459
-587756 6350498
0 7660738
-429705 4806581
0 4604146
-874740 9034172
-179274 2399824
0 7926022
0 1875391
0 5069589
0 5987464
-610635 6662726
-824856 8739934
0 2361817
0 5614531
-571320 6103590
0 5776681
0 8950843
0 2185170
-38841 1232214
-180455 2418257
0 2402016
0 3152781
0 8094871
-417266 4658683
-441376 4892740
-788112 8406519
0 2422614
-174448 2386601
0 4882463
-956853 9695919
-305805 3822654
-563931 5970242
-999417 9994731
0 8291688
-384490 4291816
0 4302963
0 2937655
0 1523767
-132693 2112185
-655147 7261714
0 9798951
0 5538209
-144802 2194308
-343643 4136064
0 8510534
-380668 4289766
-267953 3558522
0 7800632
0 4479991
0 6830891
-870784 8979882
-309519 3827681
-386035 4298772
0 1224022
0 3635035
-242552 3238282
0 3913106
-429658 4796378
-219923 2908571
0 1254610
0 6062145
0 7039897
-926100 9343058
-773564 8359498
0 7842660
0 7758233
0 3246214
0 4536019
0 7466278
-266306 3516101
0 1480387
-35505 1216172
-699112 7556137
-939208 9606216
-947297 9667315
-706804 7594738
-994717 9909910
0 1069731
-7915 1059684
-631326 6836041
-386816 4321931
0 8055832
-874072 9014747
-852102 8935605
-749442 8147071
0 1683771
-149168 2228462
0 7548805
-255059 3449979
-102749 1803007
-747695 8143439
0 8399901
0 1678033
0 5639337
0 2680913
0 2663616
-203259 2651042
0 5219548
-652325 7204320
0 6728203
-136429 2150463
-884981 9093979
0 7237939
-874048 8996122
-7802 1049516
0 8107519
-640537 7049041
-109320 1899427
-505379 5474193
-425208 4772803
-492241 5241434
-33592 1197015
0 1863439
-580222 6197516
-57844 1389827
-958213 9715832
-897297 9180622
0 6905226
-588014 6360737
0 4296207
-268740 3585409
-707061 7622748
-515590 5523939
-595533 6415003
0 5111777
-26462 1110398
0 3193756
-138123 2154175
-997515 9975240
-102321 1781780
-324893 3957237
0 2933140
-477195 5125983
-363811 4214985
-634653 6864863
0 1424378
0 2643187
-660183 7316670
0 2609425
-30818 1160933
-729585 7864102
-349861 4155963
-201075 2633725
0 6328424
-485541 5181992
-764964 8297834
-314645 3910080
-113015 1953532
-446840 4935216
0 6257590
-150908 2242779
-987076 9844450
-223784 3076963
-725793 7828196
0 8321881
-413799 4605817
-654447 7213281
-776192 8381220
-596434 6454353
-513239 5500414
-87263 1706805
0 4398554
0 4939227
-152359 2288280
-194012 2618573
-795916 8407549
0 2751873
0 4237131
-823587 8710874
-978821 9818709
0 3386817
0 2986281
0 5353250
-435107 4879135
0 5751626
0 2759635
-419 1012225
0 4402624
-933733 9478530
0 3164441
-626453 6773500
0 6850414
-346343 4154839
-304554 3811495
-10220 1062548
-687474 7479364
-657221 7264809
-888354 9127394
-788085 8397547
-413810 4609867
0 9982397
-722479 7808905
0 6861024
-641590 7088838
-604261 6609779
0 4486007
0 7030740
0 3034057
0 4600657
-339898 4082188
-232016 3114640
-731788 7867315
-675736 7351262
0 3823016
-489793 5221885
-182493 2427261
-574970 6141599
-319390 3937864
-925728 9320435
0 2054967
0 5846655
0 9696242
0 6583133
0 6607731
-159376 2312656
0 9966916
0 7963283
-550804 5853461
-151663 2258052
-216453 2826479
0 5166644
-659948 7291454
-486030 5195725
-364905 4216385
0 7930898
-192322 2599512
-807129 8527474
-906793 9195238
-607122 6632792
-918002 9299867
-628679 6807311
-840810 8848066
-702853 7562355
0 5095072
0 8197847
-154891 2304589
0 9746229
0 6755124
-89846 1743677
0 7143360
-219779 2898733
-539948 5723749
-732267 7932899
0 8694654
-501288 5461179
0 5675582
-937620 9545366
-224032 3078134
-901640 9189115
0 7760398
0 4172577
-143543 2186041
-544883 5798349
0 7548967
-321552 3941017
0 9705805
-82609 1609839
-824033 8718257
-184555 2512578
0 8772766
-562379 5963431
0 1733535
0 7063566
-434272 4833509
-993952 9906451
-404235 4514404
0 5419992
-631827 6853117
-690519 7484239
0 3121838
-299493 3788052
-126231 2020627
0 2457950
-616352 6730046
0 1447769
-450945 4953207
-761384 8255315
-801067 8473580
-604907 6624062
-158636 2311106
0 8065745
-271819 3638134
-764232 8285131
-958888 9725109
-634802 6917398
0 8935426
-214095 2750722
-134273 2147007
-105186 1861863
0 7403193
0 2246718
-840388 8848003
-394043 4359028
-826139 8758631
-857470 8944905
-866715 8949763
0 4729851
-233800 3121998
-401769 4480912
0 9826049
-820471 8690145
-118954 1993917
0 8617641
-343393 4119310
-574049 6133175
-410894 4597992
-796691 8439189
0 7857144
0 7238448
0 4198399
0 9634918
0 6593214
-281867 3675651
0 9680019
-444716 4893647
-643082 7100585
-870808 8989968
0 9223011
0 7421018
0 4657983
-484887 5144725
-687137 7456421
-55207 1376801
0 2793199
0 5978509
-124933 2003500
-830740 8814065
-555648 5929617
-975621 9817370
0 2635550
-425119 4766716
-854982 8944872
-532371 5685148
-732776 7944501
-456052 5084285
0 7598773
0 1932340
0 9609604
-169371 2375091
-243913 3264875
-497567 5318273
0 7339433
-879597 9047200
-863751 8946407
-869281 8967895
-804685 8505522
-939741 9608366
-638851 7002444
0 3281598
-470661 5122412
-32231 1193209
0 1590148
-753895 8160407
-341699 4085119
0 9912999
-609835 6643141
0 2281953
0 6849193
-928640 9416943
0 8691394
-221017 2941747
-3657 1043187
-316649 3910313
0 8451121
0 2296009
-665836 7330205
0 6457032
0 8311308
0 8641176
-157308 2309963
-725586 7821656
-589852 6361378
-398212 4385071
-285239 3714427
-820740 8702197
-568056 6102833
-734591 7958017
0 9851031
0 3008900
-911205 9260030
-621655 6763708
0 7265057
-243810 3257172
0 1534828
-477910 5130553
0 7327509
0 3304419
-75414 1565675
-807721 8547119
0 1640525
-429776 4809434
-386569 4314752
0 1109340
0 9000836
-133649 2141892
-811545 8553250
-776515 8387772
-275951 3646761
-800753 8458424
-67984 1394947
-431549 4815241
-339775 4067068
-324878 3945955
0 1323709
-300251 3798388
0 5485223
0 1270965
-678576 7412571
-631129 6828111
-119294 1995268
0 6929524
-779297 8393997
0 4135487
-676383 7364022
-677681 7407249
-914853 9282384
-234668 3126705
0 6731697
-213599 2737675
0 5980410
0 7168885
-952873 9675214
-86170 1618960
-92418 1752014
0 1480201
-245303 3317096
-826029 8751369
0 9832965
-511960 5490199
0 3332444
-510099 5487250
-763587 8262731
0 7936830
0 3374570
-756435 8171514
-544826 5763146
-813903 8553743
-409897 4531839
-186126 2513301
0 2321079
0 7403146
0 6835655
0 1867958
-757287 8239332
-223571 3010423
-676518 7406870
-139732 2163789
0 9510372
-647803 7118596
0 3553879
0 2897522
0 3868220
-950893 9670863
-892358 9146578
-537343 5690890
-934124 9494667
-209859 2699814
-587611 6344806
-615005 6712695
-884342 9070424
-772881 8335091
0 8453826
-136632 2153095
-627539 6778596
-636202 6995444
-257973 3463090
-943311 9625837
-366761 4271240
0 8925316
0 7200603
0 3620840
-885954 9105798
-395688 4370508
-619508 6741580
-264999 3514689
-309854 3839016
-366466 4220435
-492855 5275477
-694456 7549871
-240831 3216061
-632734 6863905
-940086 9611838
0 8896360
0 4867806
-460903 5099551
0 6216422
-22800 1107868
0 4569145
-494031 5291300
0 1007442
-576211 6172200
-988912 9850376
-566355 6080120
0 8207372
0 3852844
0 9435792
0 2884760
-253732 3384091
0 4878193
0 3885024
0 2241458
-940392 9613877
-192286 2589881
-518328 5593716
0 2853200
0 3981955
-207374 2695847
-20992 1100366
-549782 5825720
0 3751828
0 6822135
-963636 9778487
0 2706925
-909716 9230613
-276255 3674609
-573409 6113299
0 9887300
-330523 3979017
0 1239674
-437675 4892107
-264085 3513450
0 3944926
0 9392267
-867560 8964814
-590969 6369904
0 4572290
-831676 8815751
-223185 2985005
-738534 8056283
-32303 1195075
-596531 6502383
-330020 3958379
-169144 2326032
-191041 2569468
0 8872330
-264850 3514379
-337797 4063798
-77785 1583593
-352171 4170976
0 9926358
0 8215082
-718450 7744901
0 5453268
0 6307190
-514787 5513320
-68509 1398043
0 1734006
