1000 1000000000 -1000000000
121949436 386001951
-634658211 193979981
-56315381 38984958
302779641 45543871
-956829369 202826660
120270515 68443814
799639753 448305456
-876530176 972388906
-247512921 766488085
-982079928 927946054
760243943 692999316
136232528 859209408
905083627 804613597
-679279451 822821472
-604344745 879895899
382315669 186874339
-216607182 363601794
374412594 429576889
205329601 887784124
-822572215 103748410
201586946 34766002
-626376952 334253640
51619242 466161923
-887689172 763482713
-728294459 795581474
-983609261 126948778
411000692 818104170
-492091567 600124818
152044352 115542505
667015204 542131980
-867269311 400688154
744524024 487102343
-384277998 910959003
275216516 52471269
-420685139 255308160
-827323922 33422135
535329130 428471170
523604717 863961283
-428166005 992579235
-889287917 32477574
118185476 844889310
-874304209 822273208
455961268 283920322
-805051082 116663841
-365659603 242791474
-418958147 598615130
233196385 718240402
-412581335 411271498
-986768865 285624267
-677307824 257926954
761853725 778455436
604844106 303701394
-691813368 42475211
-257732981 392096351
-416140040 26165943
-89443188 342116052
560792413 983375950
59264548 852880098
815508548 382644865
-957186905 501678001
-553662328 457470194
-831697860 8812046
-964979300 418232166
-776719202 427869835
-625563716 700347129
953727354 547588874
372885140 628466399
382943840 246006658
904637559 198423522
-788230393 243604430
-613825529 540308864
-142858373 134094354
-783444945 356358755
236325810 641917280
-825061942 747728837
903341156 428335330
-334461950 461476436
907721893 647374345
957379634 161711720
-142625999 921741226
-195193592 172164463
-78758386 317455210
962209624 986292420
-931977504 574590056
564191961 924813210
450175240 254144645
669321162 432578301
-718856821 50449885
-721064789 984144304
-60842946 430753950
877085842 45300191
22453749 528477826
179771852 625597004
-674781591 453570094
757381390 166634088
-669150763 594871057
815637091 977219611
262906453 144451140
479941665 494451234
72460968 715591718
-133812350 525654980
-53044837 526345378
-382444593 597390948
-928807809 565031044
-160215869 886268384
-558832972 213192891
-111290583 812709015
-3003532 717106609
2513325 929273025
485532160 521866264
572061450 37123508
758017519 203233812
-822037279 977800647
-672571463 835600894
601091781 623141759
-706395003 915937215
-817067102 596247933
-489201141 630853747
337958192 372250381
-513051110 780915154
635111932 228518162
654914032 391040756
277524346 961244559
-532010149 827615564
697759006 139386192
817745689 316547481
92281076 668903920
140984736 141876020
-846009659 432571851
-584089712 227112606
3822782 78318767
789576088 462029435
-397647453 348389584
-36052242 461810606
598963673 555505307
779653562 346627168
485161863 858791891
323303140 899418195
-34212362 638951788
-149861091 140688747
881615004 304617906
299709748 761465705
-913128436 235017484
-747705049 374269469
-286070496 80705292
93459946 269039888
49700599 314497078
-419185168 154370651
-808105593 162114989
280385379 354338422
-797315091 883646551
-963615028 550598123
-749254394 342068773
149496870 333549902
600169867 612212680
682524485 738679846
-729024767 855395107
445928117 689589601
859957342 235826619
-771561419 5892374
21121743 653247448
-602259000 763242152
-324665894 76723929
-825426172 587545651
69529502 55905514
-622848586 365918587
-307785960 50253202
583984178 827196219
497742546 969847524
377398069 722208676
-593983148 929608252
-583055450 563130013
993058314 522525601
951505976 704132891
140999470 691403900
263205537 153516329
-953023575 697917548
44822272 675787856
709982746 84770704
288737441 223205191
-530217440 53100415
217695126 111146835
575293184 44689106
-71109161 758395445
409055566 26944742
465514310 134253761
-511887084 256462706
-865995907 792000457
-916620997 599541192
715855590 18479895
-894774748 114696374
-682269886 974612734
-727223621 309741892
411046761 844338817
801132014 975475220
-531528046 546898434
332334784 651639849
109939608 434043270
448566141 290240650
9518695 535275991
-716879322 68526992
201572403 111453864
-832833783 45729171
-129116421 144606331
-3712836 990563419
166799358 337706363
17152455 53355617
-995064014 464984190
160766615 920822091
955919160 431402600
334302616 495674390
833368019 394238863
-614553137 704589423
413997262 242501270
-251207593 521615644
804311969 930305365
5383336 656853640
891057797 270796163
147171418 662786468
-965510652 802857215
102941097 678526205
-651232469 565359203
132802344 780491318
-501788616 788027359
451703484 813353279
784543873 719986990
77631372 521416986
696509473 833492003
779238038 581112596
-190632780 546220627
250488967 981580227
886038200 543156407
644732593 512560218
-378784191 118662685
128250651 909186457
222090696 50903266
808010543 60962187
-329855316 220439797
316933776 53608162
-704080089 395513629
-262816549 603306702
625664666 189640720
-88084935 18008229
-405991260 149736225
275868519 847461919
227406027 573931867
-72002334 907859691
565361655 334553108
600391675 559659683
-709333753 285371739
-413391121 991894001
-492779004 445308437
694198952 626052284
-64437569 941988669
93471242 111892761
503390798 631198970
-539929494 982677195
352067054 786816723
-405888965 229037893
624807717 496292115
-82635508 588564525
798042705 141332382
-375500620 565440804
-756024898 163293269
-984027692 31488180
782078801 748501903
-308925075 668695867
-831741319 673433142
-652121231 823014006
-138052270 245303687
885772269 372054652
-703848278 946216756
-465453749 264816945
-656010119 548130556
-984141930 283983022
-667561328 996132139
-506578677 161897727
-861755950 481705858
886695875 294539132
643656671 341124058
-399311508 394547334
608073454 652480810
422588447 236715092
-633682223 641232980
68999275 216037852
-627995398 196775527
-225839775 317433589
-844464961 896605841
663527087 21277797
384151490 946057978
162962670 220147371
-833645253 960767325
341219939 928024015
-76897661 103538985
558347933 64483162
-570672411 786124241
-898999066 646169552
-724776229 787332120
-565457893 138330857
595732531 137662712
-759814371 753274281
780219103 969805359
-988385275 276459252
-229503516 862518594
-489060974 727470720
451290747 132475314
-334226151 899259470
356056644 715241817
804333752 73792515
-621420610 862270576
933186850 238360080
-212196207 148772330
-795700978 637390405
-365409289 37078822
755584347 175845913
433953964 13574349
-289449877 708557340
-251471987 683156782
-924783252 755216794
-902682710 900802474
262375364 698287472
-872578747 9035621
856610047 506374336
-826890501 36020183
-566514535 705726965
-870501023 25405954
-806085038 926318041
-243377379 26454126
-816213416 727073116
895428685 947922357
738329092 502115585
-188368733 165972621
-21369802 971427769
-978883294 751407221
-154321841 582497175
-918501078 555864317
989066318 522089557
361265817 954832046
752429456 32801742
371284825 713691668
110042415 703787387
-378837378 153602667
220246673 305286202
87706348 410132496
809502129 295163896
-129661081 994756359
-168000752 181951396
-665565716 302903646
682853452 416361235
-400619531 994216398
413690569 273073446
431719527 55821374
-932427696 838631067
172576398 553608999
606691395 755008366
-28608074 43214311
-370928457 826076599
-569740107 854498638
19765955 139770146
467145460 598326885
105642428 195513778
-950097172 229539508
-814293023 578980723
476939852 888952980
916550114 311158415
-336250645 420761986
927673666 150699009
429348269 523973218
-883445393 289611998
706454988 671580848
254909104 468585275
69625389 168826594
144756749 290024992
741724851 553588266
-336161768 579541939
-251049545 543284702
100587621 66534805
466848287 309298138
370445388 472446677
-79314142 222241497
-894465037 851162742
606475700 202790382
-719909002 355795187
-276962150 237426619
-205136530 163860037
822221251 468682166
-463117351 939815641
-238285488 200868772
-158691966 275402882
-770336183 351101098
-578990010 455331667
-229129916 203028893
-12962909 832000022
744676641 670032533
794533927 240015008
157916226 455344225
313525006 4375665
-321074934 432791056
-619832559 46978300
-555290431 634546994
446890947 192646204
345475633 143777570
-660591479 164375616
159437424 152785424
49954287 643358654
-297433521 679465831
-871203877 699885997
-756929585 104474448
290418361 84332697
-8103448 270086033
-296842349 116218969
120899937 390923673
-929211089 931282916
-355044024 770872718
783965000 51218906
-187284947 88413700
-399130348 292940302
-776383234 263971499
65853388 566516020
-545806893 812431692
806450499 708748211
-636563024 362152710
-332598205 142666562
384536686 93850543
8977585 91947492
511833253 147138156
-375903871 282423242
922690164 454056738
-721439430 378001645
43389973 143189351
-328898952 984437568
440874396 682442060
-266577907 439460108
-272869549 189839943
324015661 808785268
-349113052 845631214
965966876 786364381
-344214489 34257716
-227141642 57178724
-998702217 168605754
231218498 396407970
844668340 16547969
-274731239 534663083
43191965 17281775
-115596341 58254032
-121373642 642433772
935475181 981428013
-568110873 594224284
-769061011 885340426
79260348 94150926
-938106123 649706544
-37257031 180414595
-213699206 751749437
445334116 218107461
746623075 796296744
337988185 817672889
-125980749 683586389
-226840054 38683859
492827300 402321502
-518199958 986047241
429877634 786437394
360661899 712817448
-243582962 900746211
365643260 196271363
905489396 473324439
925172673 187318613
579024052 787892328
781619140 101769773
103577275 32993450
-413228604 4689620
-226191810 486674766
-816712394 608321311
903072034 471621795
14332758 244206672
-302367556 1500213
-292155830 703900802
-543369914 316846366
-372179188 760015074
-204399160 608416247
449277792 385411407
-601444694 629871323
-306447995 635745010
-103595289 951067410
-566372116 642192146
164954390 61807845
-473899291 167442136
-433031320 757899236
801703846 968069622
-805447945 665047920
-723401014 638834070
228350490 932607441
-535702638 763648587
-540324686 190841234
305014159 8864583
-905189086 79391308
-29223902 820281129
79090166 712900153
-292139893 320856750
40656781 215669723
-658569543 120729840
-438348184 323298316
-483532639 158308909
-469964181 825946756
-920465969 636493131
-819374389 200305004
602740708 45861451
939116916 608107309
-330679601 160346523
-922691877 33997199
-913624511 118933003
-520359495 981411169
96392076 926278013
-521637275 902684942
-104067067 272199331
936968642 66166356
-775515313 912565980
-711863327 36076118
290956175 661128937
-331665809 814559644
200238396 316690834
-595230164 191408422
-996339000 254635749
70210662 619671493
-523166839 987794428
799562549 557546883
-909111737 184636481
828181302 111219307
-772037395 89640905
-369578054 13037361
947018483 650256277
373674343 6853669
805191510 283024454
-316068692 742392668
906219465 390726374
-875490616 899455408
-998374937 320319586
-589689410 806401447
47364835 609056662
-97484114 350435298
286475861 191874204
-986711530 248397915
395476105 456742651
498119574 883597672
606635501 865042907
750804891 703043732
-970910386 2983175
97177306 891596195
-503856291 99309929
250379769 102599779
722297325 226732734
-483036033 919119438
-928926046 982318177
-85128896 513174943
747242974 835808792
-128171979 478962329
722436763 246816552
608478799 28078461
687573084 205866684
-896836292 379317559
258776989 979704501
-807362245 696674572
366530494 321663324
114573563 673828538
50104583 894878453
777772286 100250113
-708207004 560377559
-479544234 193670780
494061068 251412267
99644836 150882162
-82826175 953446395
727572709 766097654
60476588 112439490
-797984886 232048650
-3321034 273305532
984905738 774695287
145740997 542810182
-961178670 323840702
-862131200 928328342
670044088 604831015
988539751 386831790
-269854490 847233865
285405219 154956532
995908121 192586120
-661143000 61154720
-843705482 436568796
-224910175 72494978
-10711804 746492379
-297690840 315574896
909293383 110922839
911592547 164064356
276556982 137358854
-591831501 285945470
-901969167 346598454
-990576208 213802009
-517335771 133865260
-369735444 392902273
-947032413 824277744
536951529 158356910
-999429440 819012733
-870211000 962705738
318128810 469594812
-818312358 550993126
-451387598 68060914
307472443 355013961
-431101459 899280525
-131889312 173961866
-791531627 762051800
-281839729 424226589
874941344 853325965
185706820 794004753
1445206 843883514
-414139897 635832776
727973272 388642100
-960677772 400525905
690024550 60233438
437416541 896056020
666252771 677668879
-722205262 161060202
318697066 664775775
32766905 147696143
-287724942 908236180
-986687746 144671262
-298830003 433129356
875363890 942291199
-8521699 559967651
-922138183 199245380
74971374 794000896
975961987 660254547
-830077598 157774253
913334586 935190684
474941716 402132650
-915166106 50503307
919569530 864984832
364776383 893123756
614423616 753713767
-400174874 460423236
833397712 897249227
-452232598 839405581
542363724 293530695
-137543130 53173702
770192016 781352190
-290497425 866407565
753305930 878166375
597722938 146956185
225969488 838430852
232306103 634709814
-876538732 548305369
716284552 655152736
-366495018 58940773
819950764 905975608
-250816156 340086044
-160249838 971620241
-542663133 454521015
-982697463 248315074
636309159 243184781
-903559388 423797936
169636704 276122619
478886874 48999510
-434729994 250260043
-534298359 203720349
22689085 205336698
779180993 674673236
368330021 43322054
-203838182 35829904
-193716807 724146258
-799324833 679844817
969594844 840305805
969907223 868016935
113749181 593221801
-123975126 993207825
432501043 357582987
-855578719 118355719
19242848 700043241
38604407 690922817
166324065 341917699
563987747 255115754
644124992 676232099
111453273 341383463
-635818352 627628743
-185327346 276134965
121457603 754147091
779449171 782630664
-586376938 215233360
-879276528 41067388
241251906 886484355
643129647 616710977
-510467017 231282758
608646550 185351475
701345916 223770789
961663902 810927532
542311395 153406031
820303417 457906582
-502704208 902638710
987171052 70411962
-708797082 896095197
-522596287 683006932
879310851 395384201
-783410194 659347320
386034284 701989043
-84048825 53522021
-709241912 342633765
18068903 489085731
70957605 735249054
-743401052 432522815
-757959475 956824268
-958951023 444487190
521479839 542325166
-26303222 612468194
-137792293 613026805
357308954 211904531
-800707152 594725550
-436353749 994155799
-924438350 112968381
370242950 211669201
-509936662 35924193
123130290 443272425
-24408903 809332932
-404402342 442076546
-637209449 856386572
-746903593 956686446
419347008 787302992
-837494735 884490512
69732924 658937778
454825158 864906804
523692214 754750872
800818874 826563519
-971723298 334955482
-394415028 376258862
-31772432 109604599
-210596991 380722387
-37321637 879613362
-514772768 152571848
-765915022 241300288
430512647 115699276
361408956 830116638
795480433 745033388
-674639741 379783683
274507845 882849381
-947849538 880009810
-587877196 812292181
-900004981 986968228
-731835167 61498999
328262950 813968662
-242146233 891356088
-590450637 32424316
-784756435 211850582
-942207538 279649535
-924679061 445118495
929532148 47567802
-388509585 409059210
577294962 225303504
882003048 19772365
-149225262 400219919
-423622368 595846258
-439501833 866413825
318145215 436037094
462561944 478228246
-252156413 850936575
-549706476 517123690
-898884427 894554703
-602032964 125152841
-47313456 752880100
-699966500 394396035
-651100707 575261760
889947731 754948947
17116841 856480404
-725697585 164615205
-565873041 494990088
43459816 610157889
-650434532 601381571
-638629517 557242383
497799553 650176932
662781805 31732137
728590053 90267311
440521701 8436119
437500324 954679319
549672651 71509501
797362211 834462844
-18675481 428334487
563561827 341010166
308737135 424619954
942167922 457325992
-201871150 622272236
-806044326 489339555
-397212137 254295988
983430263 989438035
394868693 188151035
242840723 193275354
982040540 894619685
-434955251 157416945
-750854199 45118009
-921000573 749933779
348947389 324433321
995580705 438603830
739532932 562361181
-97991891 708581241
-319116628 280625403
634037988 545124225
-917069322 134183149
-658275591 277263411
360791115 193816335
-953041358 155697507
952817333 466388578
-58708594 344405997
-938820241 672206394
-829151511 378779152
669524319 240931415
-565475298 42649870
-583612462 475661262
-719091674 641646747
-686806542 913338700
262560734 718795707
486640066 337614377
55439327 289873682
383620158 991709477
-807067859 336146793
-765146082 692515807
-871459488 674669050
430579309 463564198
-388303321 165533897
412707122 175089914
-890242401 365506564
95500533 409867786
-957379223 845633792
651446329 307547793
977317969 881853647
-872934462 111850477
272999164 393231463
559708514 406990258
-736699750 529392511
882814090 311237688
289208668 833615420
89639737 666349299
582896387 13484682
-198167613 335765793
262072571 406854809
-524511259 163727899
-998086762 252019675
-329893534 165987299
-438058108 133948961
-860081355 949191241
353636657 522396727
549520403 853518679
-438177797 479072938
-714425360 227615368
97169888 116484810
713472368 344589743
-367807953 205453155
-853919883 973299395
-887574571 980726873
-114113634 849885099
-632618116 25081013
-157240950 614269705
163780347 928593828
-257764926 263895554
409324313 61925227
-152862453 283808790
624163213 250568864
596767133 678760686
-865519418 186114198
624732279 788470226
-230073555 608381363
-970190055 120404778
531002425 557180119
744499952 363519860
652825681 457263158
551036354 151370994
61806291 445240416
-387067581 146193974
-509914143 698765508
612262355 79215725
311163424 419941315
704629892 478169046
465369838 708249814
514349008 542974370
163186865 325270915
454530614 754908794
-109460317 472804679
-784692995 691120428
614474590 794637576
992925388 351765293
-31656457 47936741
-747676969 191250380
-980955387 921473596
-98594437 82444240
508827351 464186127
-208855043 372771589
-952844223 502351684
89356716 926237546
-429813441 999546285
279521954 281224000
-255370130 666862468
766325742 774615244
-257444084 752854586
-832629813 319976564
637893821 132016849
-977828728 302306962
-212941941 816897964
-877357000 783559549
-511049698 482030462
161117518 713715884
-382139360 354935388
79580841 670365375
-924859417 75307687
-581267224 919872206
269199930 774352305
24267535 64008728
-721261316 980149245
-769464991 520082319
-298410143 536008756
543258372 925777257
-264041780 809449835
-629161314 236908145
150991162 657154565
-10387184 364800137
803078209 476542940
143325796 587866055
112925888 193430481
-425171677 344634414
-24871241 731183891
-732054153 264218754
-88603110 76093429
-800233014 33198269
141793358 887912291
184413925 488582290
-120932218 692046664
510416543 932064121
-564571875 957484338
477166481 318171265
987076999 319633753
-361515764 441774529
992708608 245765090
925767738 969930721
954778818 887344018
621822383 81229294
674909666 788945809
666969884 951609228
981532330 708711118
96624873 1700960
-391552685 680183228
-852796967 195921523
-649717279 392963110
-238346077 739984027
301055336 323232749
165934915 799104644
-54368816 249186014
417876772 965005935
713810815 127983808
846515778 893082972
276227930 883156176
-664134249 663608391
130016846 639998623
-570326767 595005414
-839658465 354106998
339334960 48499063
765326014 667409351
262188138 972880046
-350685739 973502354
-716197229 67437876
59964235 98850549
72734907 967208560
-641912848 101222329
-320259839 368282042
-889812153 497191359
-838073321 712552130
-839903648 533446750
-704426348 511111297
-998054969 109407203
976624071 632122239
-992909529 635460109
-258377114 943632489
-289891772 923883334
-287194208 130587561
622482084 110395993
431756884 210163578
-734999779 826703427
-144414919 363419215
-835687860 939473911
762022318 553809976
-970552697 192862194
-127915177 962559871
-136832488 833105172
659564564 673865586
-381678063 845119121
-180247237 777248565
1106006 824661873
810258486 842172702
197368954 61871250
51925360 602129011
-160456888 73297908
-125940523 447370707
925628712 955883543
-730534259 352350545
443272512 583264148
92535607 934275153
-813977545 752440390
-622997193 214606755
-820425013 957543936
213074904 668180776
-38376655 724201323
