1000 0 100000000
-60031 346
-47586 308
-223446 668
-243951 698
-167331 578
-84255 410
-1081 46
-169653 582
-3403 82
-210925 649
-12880 160
-13695 165
-15225 174
-62481 353
-298378 772
-87153 417
-476776 976
-108811 466
-266815 730
-114003 477
-120786 491
-378 27
-263901 726
-77028 392
-46665 305
-105570 459
-75078 387
-17578 187
-118341 486
-391170 884
-99235 445
-103740 455
-293761 766
-52003 322
-135981 521
-4560 95
-3240 80
-168490 580
-220780 664
-20503 202
-165025 574
-200028 632
-284635 754
-34980 264
-1953 62
-12561 158
-89676 423
-241165 694
-12246 156
-112101 473
-77421 393
-33411 258
-184528 607
-140715 530
-152628 552
-299151 773
-153735 554
-254541 713
-213531 653
-463203 962
-250986 708
-102831 453
-98346 443
-459361 958
-23653 217
-334153 817
-498501 998
-290703 762
-86736 416
-241860 695
-496506 996
-27261 233
-419070 915
-44850 299
-11476 151
-39621 281
-4278 92
-366796 856
-246051 701
-217470 659
-55278 332
-349866 836
-12090 155
-297606 771
-216811 658
-2080 64
-301476 776
-74305 385
-230181 678
-28 7
-61776 351
-201295 634
-413595 909
-1596 56
-193131 621
-378885 870
-243253 697
-150975 549
-9045 134
-396495 890
-25651 226
-3321 81
-207046 643
-666 36
-36585 270
-136503 522
-113050 475
-89253 422
-382375 874
-278631 746
-232221 681
-140185 529
-341551 826
-25200 224
-129286 508
-15753 177
-8385 129
-162165 569
-107416 463
-303031 778
-91 13
-7381 121
-239086 691
-4465 94
-1431 53
-379756 871
-371953 862
-251695 709
-60726 348
-21321 206
-139656 528
-3003 77
-528 32
-53956 328
-1225 49
-124750 499
-159895 565
-313236 791
-6555 114
-435 29
-280126 748
-285390 755
-2926 76
-292230 764
-703 37
-5050 100
-228826 676
-63903 357
-355746 843
-8911 133
-55 10
-209628 647
-171991 586
-214185 654
-258840 719
-415416 911
-78606 396
-398278 892
-35778 267
-222111 666
-308505 785
-67896 368
-40470 284
-339076 823
-21736 208
-36856 271
-7626 123
-31878 252
-203203 637
-132870 515
-144991 538
-37128 272
-28920 240
-306936 783
-202566 636
-410871 906
-80601 401
-109278 467
-129795 509
-204480 639
-1275 50
-361675 850
-434778 932
-300 24
-111628 472
-6105 110
-177906 596
-468996 968
-4095 90
-105 14
-485605 985
-283881 753
-154846 556
-23871 218
-400065 894
-326028 807
-220116 663
-409965 905
-107880 464
-45451 301
-178503 597
-161596 568
-131328 512
-3160 79
-18336 191
-56953 337
-1378 52
-196251 626
-157080 560
-36 8
-109746 468
-295296 768
-76636 391
-42486 291
-359976 848
-490545 990
-111156 471
-208335 645
-94395 434
-328455 810
-135460 520
-13861 166
-87571 418
-115440 480
-44253 297
-7875 125
-90100 424
-347361 833
-69751 373
-1711 58
-9730 139
-7503 122
-269745 734
-439453 937
-222778 667
-22366 211
-1653 57
-226801 673
-137026 523
-138075 525
-157641 561
-287661 758
-230860 679
-253 22
-69378 372
-436645 934
-22791 213
-119805 489
-23220 215
-8001 126
-35245 265
-110685 470
-81810 404
-79401 398
-150426 548
-351 26
-5356 103
-472878 972
-24090 219
-1128 47
-332520 815
-162735 570
-255255 714
-5565 105
-34453 262
-42195 290
-91806 428
-239778 692
-26335 229
-3828 87
-279378 747
-164451 573
-12720 159
-283128 752
-17955 189
-335790 819
-370230 860
-447931 946
-389403 882
-403651 898
-14535 170
-323610 804
-20910 204
-64980 360
-142311 533
-255970 715
-225456 671
-176121 593
-8256 128
-324415 805
-1 1
-299925 774
-281625 750
-444153 942
-52326 323
-73536 383
-67161 366
-28680 239
-234270 684
-212226 651
-365085 854
-84666 411
-188805 614
-378015 869
-87990 419
-192510 620
-387640 880
-325221 806
-395605 889
-186355 610
-271216 736
-442270 940
-386760 879
-170236 583
-14706 171
-258121 718
-500500 1000
-16471 181
-78210 395
-119316 488
-127260 504
-405450 900
-85491 413
-17391 186
-152076 551
-25878 227
-74691 386
-322806 803
-9316 136
-392941 886
-200661 633
-226128 672
-97903 442
-2628 72
-394716 888
-138601 526
-58311 341
-330891 813
-392055 885
-412686 908
-198135 629
-141246 531
-451725 950
-234955 685
-166753 577
-82215 405
-72010 379
-115921 481
-466095 965
-76245 390
-260281 721
-207690 644
-327645 809
-10878 147
-124251 498
-176715 594
-216153 657
-125751 501
-449826 948
-167910 579
-206403 642
-369370 859
-17020 184
-475800 975
-780 39
-344035 829
-68265 369
-10585 145
-73153 382
-51360 320
-224115 669
-142845 534
-489555 989
-4851 98
-331705 814
-169071 581
-6216 111
-131841 513
-26106 228
-85078 412
-344865 830
-218130 660
-147696 543
-484620 984
-191271 618
-333336 816
-268278 732
-11628 152
-72390 380
-492528 992
-425503 922
-458403 957
-237705 689
-30628 247
-358281 846
-99681 446
-70876 376
-5151 101
-362526 851
-161028 567
-271953 737
-182106 603
-70125 374
-20706 203
-494515 994
-15 5
-158203 562
-421821 918
-180300 600
-244650 699
-11026 148
-44551 298
-42778 292
-27495 234
-349030 835
-19110 195
-294528 767
-66795 365
-491536 991
-160461 566
-861 41
-14878 172
-81406 403
-101926 451
-377146 868
-310866 788
-50721 318
-452676 951
-273430 739
-93961 433
-123753 497
-52650 324
-105111 458
-496 31
-10731 146
-350703 837
-139128 527
-16836 183
-448878 947
-13041 161
-92235 429
-282376 751
-114960 479
-12403 157
-57970 340
-172578 587
-171405 585
-354061 841
-34716 263
-91378 427
-19701 198
-376278 867
-205761 641
-393828 887
-66430 364
-55945 334
-7140 119
-276396 743
-364231 853
-318003 797
-265356 728
-467061 966
-179101 598
-302253 777
-343206 828
-24310 220
-4371 93
-141778 532
-196878 627
-90951 426
-399171 893
-275653 742
-454581 953
-30381 246
-402753 897
-2278 67
-151525 550
-62128 352
-338253 822
-443211 941
-473851 973
-264628 727
-36046 268
-2485 70
-15400 175
-630 35
-183921 606
-28203 237
-93528 432
-72771 381
-166176 576
-256686 716
-433846 931
-13203 162
-429201 926
-360825 849
-10153 142
-236328 687
-45 9
-289180 760
-24753 222
-63190 355
-11935 154
-286903 757
-245350 700
-561 33
-195000 624
-3741 86
-409060 904
-4950 99
-182710 604
-43071 293
-100576 448
-37401 273
-106030 460
-193753 622
-60378 347
-22578 212
-159330 564
-65703 362
-45753 302
-10011 141
-365940 855
-153 17
-65341 361
-5460 104
-103285 454
-26565 230
-5886 108
-181503 602
-32896 256
-123256 496
-262450 724
-441330 939
-46360 304
-14365 169
-16110 179
-228150 675
-6786 116
-231540 680
-112575 474
-296065 769
-820 40
-23005 214
-497503 997
-146611 541
-108345 465
-41328 287
-43660 295
-424581 921
-418155 914
-253828 712
-2145 65
-102378 452
-149331 546
-61425 350
-2775 74
-368511 858
-174936 591
-474825 974
-61075 349
-190 19
-359128 847
-35511 266
-14196 168
-437580 935
-198765 630
-337431 821
-92665 430
-417241 913
-348195 834
-488566 988
-15931 178
-23436 216
-375411 866
-478731 978
-446985 945
-21945 209
-75855 389
-22155 210
-317206 796
-173755 589
-336610 820
-75466 388
-227475 674
-438516 936
-384126 876
-10296 143
-55611 333
-179700 599
-117855 485
-6441 113
-49455 314
-18528 192
-148240 544
-8778 132
-11325 150
-31626 251
-18145 190
-95266 436
-96141 438
-471906 971
-27028 232
-24531 221
-38503 277
-252405 710
-479710 979
-314821 793
-9870 140
-461280 960
-16290 180
-188191 613
-312445 790
-300700 775
-367653 857
-24976 223
-428275 925
-363378 852
-28441 238
-329266 811
-388521 881
-95703 437
-177310 595
-2415 69
-9591 138
-10440 144
-990 44
-30135 245
-6 3
-232903 682
-19503 197
-249571 706
-420903 917
-50086 316
-120295 490
-143916 536
-2850 75
-248160 704
-595 34
-201930 635
-134421 518
-48205 310
-26796 231
-2556 71
-15576 176
-468028 967
-54615 330
-121278 492
-903 42
-310078 787
-173166 588
-37950 275
-215496 656
-96580 439
-156520 559
-464166 963
-316410 795
-133386 516
-385881 878
-57291 338
-247456 703
-143380 535
-267546 731
-208981 646
-493521 993
-53301 326
-346528 832
-483636 983
-352380 839
-32385 254
-5778 107
-97020 440
-110215 469
-21 6
-62835 354
-289941 761
-126756 503
-155961 558
-481671 981
-450775 949
-32131 253
-261003 722
-325 25
-130305 510
-185745 609
-372816 863
-190036 616
-197506 628
-288420 759
-427350 924
-221445 665
-170820 584
-292995 765
-453628 952
-229503 677
-1035 45
-101025 449
-40186 283
-465130 964
-8515 130
-3916 88
-137550 524
-4186 91
-64620 359
-270480 735
-29161 241
-106953 462
-27730 235
-9453 137
-33670 259
-69006 371
-27966 236
-59685 345
-339900 824
-130816 511
-165600 575
-186966 611
-291466 763
-57630 339
-32640 255
-56280 335
-407253 902
-381501 873
-155403 557
-272691 738
-54946 331
-210276 648
-18721 193
-19900 199
-40755 285
-1770 59
-20100 200
-21528 207
-477753 977
-136 16
-19306 196
-408156 903
-64261 358
-309291 786
-280875 749
-101475 450
-187578 612
-462241 961
-431056 928
-14028 167
-144453 537
-460320 959
-98790 444
-104196 456
-189420 615
-30876 248
-432915 930
-303810 779
-122265 494
-3 2
-6903 117
-145530 539
-1891 61
-154290 555
-486591 986
-257403 717
-390286 883
-440391 938
-237016 688
-33930 260
-311655 789
-455535 954
-21115 205
-90525 425
-104653 457
-50403 317
-194376 623
-31375 250
-100128 447
-296835 770
-38226 276
-495510 995
-47895 309
-67528 367
-214840 655
-8128 127
-4656 96
-318801 798
-224785 670
-334971 818
-4005 89
-401856 896
-133903 517
-423660 920
-7021 118
-113526 476
-17766 188
-233586 683
-8646 131
-269011 733
-97461 441
-242556 696
-38781 278
-191890 619
-149878 547
-33153 257
-487578 987
-121771 493
-51681 321
-118828 487
-70500 375
-380628 872
-3081 78
-499500 999
-48828 312
-431985 929
-5253 102
-122760 495
-351541 838
-1540 55
-41616 288
-126253 502
-326836 808
-4753 97
-132355 514
-274170 740
-120 15
-946 43
-41041 286
-147153 542
-315615 794
-406351 901
-219453 662
-175528 592
-56616 336
-238395 690
-127765 505
-29403 242
-153181 553
-470935 970
-411778 907
-199396 631
-741 38
-146070 540
-174345 590
-16653 182
-205120 640
-46056 303
-330078 812
-148785 545
-253116 711
-374545 865
-218791 661
-261726 723
-314028 792
-457446 956
-116403 482
-7750 124
-71631 378
-83436 408
-2346 68
-2016 63
-183315 605
-49770 315
-446040 944
-78 12
-45150 300
-306153 782
-321201 801
-31125 249
-63546 356
-29890 244
-58653 342
-15051 173
-426426 923
-82621 406
-414505 910
-482653 982
-66 11
-43956 296
-11781 153
-39060 279
-1176 48
-3655 85
-240471 693
-277885 745
-259560 720
-1326 51
-342378 827
-276 23
-83845 409
-319600 799
-18915 194
-117370 484
-180901 601
-286146 756
-9180 135
-58996 343
-277140 744
-39903 282
-190653 617
-47278 307
-7260 120
-354903 842
-5995 109
-480690 980
-185136 608
-88831 421
-41905 289
-86320 415
-266085 729
-212878 652
-416328 912
-93096 431
-274911 741
-211575 650
-353220 840
-106491 461
-397386 891
-79003 397
-246753 702
-345696 831
-77815 394
-2701 73
-46971 306
-322003 802
-371091 861
-29646 243
-195625 625
-231 21
-116886 483
-305371 781
-79800 399
-340725 825
-163878 572
-356590 844
-203841 638
-43365 294
-73920 384
-158766 563
-34191 261
-469965 969
-81003 402
-36315 269
-88410 420
-83028 407
-163306 571
-263175 725
-85905 414
-6328 112
-125250 500
-406 28
-400960 895
-54285 329
-1830 60
-49141 313
-80200 400
-422740 919
-250278 707
-13530 164
-456490 955
-39340 280
-17205 185
-430128 927
-3570 84
-20301 201
-10 4
-385003 877
-128778 507
-435711 933
-357435 845
-52975 325
-59340 344
-5671 106
-320400 800
-465 30
-373680 864
-53628 327
-171 18
-2211 66
-11175 149
-51040 319
-128271 506
-6670 115
-307720 784
-66066 363
-419986 916
-445096 943
-94830 435
-25425 225
-304590 780
-134940 519
-48516 311
-248865 705
-13366 163
-37675 274
-235641 686
-71253 377
-210 20
-114481 478
-1485 54
-404550 899
-3486 83
-383250 875
-68635 370
