1000 -430176670 -66460240
-92151604 476216722
425334450 555754393
-438872920 387034678
598748759 947254869
715976293 330404228
-402886291 691430415
-674296148 44638173
34839532 929601009
-508351824 753868521
-905123151 301676058
-700108002 911473156
557513724 322943203
-93740228 362012665
-978775640 120869340
-381735899 871615101
339418188 104606699
-158635342 320030090
757442060 737424577
10992808 424771263
554458034 224976474
982591869 162729661
-408022524 462317278
-268362341 294014407
762765553 896556306
-529580472 860430201
856230758 50736620
921389750 248746064
655182389 317338711
-638213158 543356254
763964621 194227322
712925969 165074181
-706771784 214979337
641543873 887672769
-465925718 667437428
776712235 65046149
452350827 99679435
701292542 727414198
-86959260 464479757
734330313 188882702
-357784388 141029419
117825646 693344287
-731900574 714454863
256555018 177004226
195558585 228644932
524179836 418352311
393827512 52454672
587052761 680776742
-665203983 646071695
213723938 780501973
-886642248 136923949
-739150263 531951494
511864945 240288627
-302356558 510352665
-125920667 396601406
-930464956 730923275
-298628146 383394761
-58781078 956543353
-810071286 873244886
-473449943 537773277
-234630604 762253114
479419004 564771526
497371840 737108586
258315551 394631749
-25602965 877997002
459322390 637681878
-565596680 970801621
977214276 344145378
120341374 364674273
764724878 84307387
573057012 385726980
-40611545 289826058
873497535 61000230
270091198 286376651
-238422484 643209214
876851767 196465529
-111929569 248385206
461036830 276034437
992781085 883939389
-904851592 545832585
-674338328 131596862
-903085507 312730194
34619332 783860344
-901034844 216743012
-306670790 167428420
488699993 137807982
270941307 44861295
-804236453 522443943
-8566739 159741769
308717369 196888232
461648364 499064254
44105919 284166562
915130546 166523633
447396325 318730089
884808374 993837411
788915483 60601173
541407926 365299021
-536087736 63660789
-857060499 682243998
152927958 567508360
790004685 292212793
-808839807 612658385
-745582299 612934792
207243965 742848433
675544180 240067841
-141467338 763926672
28326552 94129401
-946234311 859381616
648028704 589026307
178427285 998057704
442813328 720958063
642899057 779278145
450218522 620930068
742089181 96487644
485175483 585293798
71983729 122338355
-175618595 826132424
762109315 116528930
-977385627 956238660
-84264521 592087767
-765909181 796782562
-93369308 443843172
-724475752 582170129
-127512344 568454564
-18767110 339018073
-628610527 805900503
-532305777 133265455
-521643925 467446698
-892420232 111340057
808519128 386806122
-927282790 987921273
-782313719 138057841
-215480947 923292002
-256259037 211882415
-804724268 449815617
-918711258 425661122
-930950124 358277569
743356065 269852376
-113119849 66157136
-890219159 474930747
55570451 230692329
578328585 653845038
953446346 473255490
425553600 44367984
-782504013 364069063
-640870581 976091530
64843829 709931094
-26150933 779203288
718612080 658383430
797131425 118700867
400232358 550434949
604319558 109302902
837235309 582921284
-830889591 777897700
-534711273 978218525
-475944864 784103882
-970640616 571903213
-240611573 185236458
-339101022 53795507
286177894 230560287
661975421 754325745
-562591946 797752321
-927756593 943766057
-857402602 474404702
304266830 178045934
65640476 544574498
838020279 74050414
-821052835 121327078
587760642 608738560
-590106070 496161042
713638898 5750132
247321005 730691536
308460887 776097377
-468416457 791787560
498488528 850327047
-979283577 252529418
78307910 62178444
126361359 163510035
-61422575 515480784
409366135 748304953
87287810 566669309
278834634 893560604
760789436 628808448
-603200706 459299623
279759286 821710762
-796653746 388957853
-137106021 369441003
-844170595 941747126
110630824 877927988
585413990 743001167
-929832081 696183778
-978997768 764674714
232290502 526464448
690779931 78797169
-844203553 394453447
178586404 470496534
348236917 668967928
505995054 606518070
995766761 946483669
746399647 872364403
471028900 369996139
853627510 557036889
-171810327 77840297
983962401 851369653
-264130710 760539842
863774920 585074119
-894844019 862365919
-971061135 617311669
926855373 103040463
921239998 43243060
-436223771 573810087
110177556 128077913
-245229210 180668264
411347705 881930074
131511717 158856347
-147375293 312227719
-424248094 829123025
-96695526 936367661
-44779231 963421358
-931235188 929082220
-963642196 760468570
382198783 19326729
-726510470 80136024
-270539064 643763756
633626677 318237751
-980911423 750680936
935776462 572485747
-21806463 737583950
-769144937 719895305
835001597 133153537
878301730 656339148
875016539 73786751
313283021 204308472
-490394415 130737987
-552140194 913999738
858295688 870517590
59550278 284563563
-866157815 344470721
-58856616 969439407
169905048 7822353
-98907631 457011852
674049022 338608085
-282498936 65703636
295231897 298693296
-128746626 764318982
203752325 824931049
156356633 151887806
304825526 948390866
-307730908 640862421
-457889743 599565582
-587350560 618301846
-777137373 283428897
-166068376 623934352
-842957446 642322989
-106649214 49325820
-321584565 390870603
799449879 228897503
992697331 105613683
-844184534 591413872
-865783484 2512254
-751777897 401865178
-44216370 649311081
114579184 89026258
-936595050 38143213
-154538865 75463618
-339673484 536379913
-917566111 562922364
-401189767 780497563
-222980167 709121939
622105752 479735246
-384222688 916145499
682112623 626612395
585588571 490815546
-832693080 111604427
296494225 712736292
703867918 927954925
917048574 674575672
919924472 752332763
806915102 328144488
-240545559 140316187
310596948 301480497
-696438631 419110553
196686993 886019580
-980753525 208653057
917947786 783500573
-487008365 81638472
-683310658 154736177
-684786210 203781550
-175557998 790143339
-388481759 121065901
126583534 839310397
-307306155 37961936
847052512 787630253
359990222 656135522
266134323 582748312
462709887 204318145
-916338671 176951660
-861377808 697261991
-718949031 97228141
237605804 52792367
-395668373 639685500
-90113182 209669985
851090989 837884949
334749508 88315128
-732106474 580434280
-857165657 947023643
416823642 855526423
976968365 76565404
-724205526 507538159
-46370732 365968397
-942663964 258003706
-138639988 494208107
-203544032 133206788
358683695 264978028
897386414 558158450
681070650 467951208
42899214 988941523
-491871944 526555931
605449049 58967703
-872256159 158815510
-848891502 336885229
-155467506 653634495
-712562421 409693601
599666485 721200738
-111280270 504503721
574100597 909928314
-605006175 134248902
950855475 737841154
281861465 278466687
328345816 103234061
144244639 122424568
442226022 752815579
-356291683 26205843
-194199731 994036055
912804905 348696054
-328915015 221992146
-757397323 100904936
746040848 218817133
718304648 97809548
-492900469 150296
194121299 212603108
-810461043 467063410
-972749874 548286728
583409368 58042771
-190082837 31559301
817745517 497677602
429262756 379503388
938801925 415518171
915094345 769002108
-904289003 98761843
-200990520 859350343
71778354 839052083
571948144 939684349
895792150 217657093
-786573172 156943519
778680126 42345189
327804284 547555863
908267321 106737015
979538745 866858017
-206690747 283185288
392936559 614528432
794867980 26062903
228930685 351594631
314888782 521856287
-542977183 644332775
-417113411 436887908
-770297030 595974892
994480029 974849503
-190968595 924896893
157220023 259948187
-253556906 613188962
-88489710 211972189
320363715 369968850
-917129982 362791823
147540015 485068045
-131663439 331494447
-234739803 76925497
-974865621 248030423
229723683 336543315
920795198 147605664
-589012948 706970378
-190005076 264603527
90087219 56033616
-834642967 175893192
-871031896 830093360
-734016950 506142782
-948482123 312031533
807661661 216455382
-849892915 220936685
-888622455 91366380
-777377064 213890267
-147699752 116502642
-83837989 170699678
-183292270 214521889
-143019701 781704042
-485571083 42908567
-233929313 278472482
976470841 605856229
38995490 208415752
-21407999 543804526
-295626186 530487229
434071848 78199736
-203183985 15562335
162770286 927564849
857502904 269746385
983909949 89438411
664057385 747861253
-978410295 885022997
399201295 888355471
965849544 346700175
925622171 13033393
-760152207 2723084
778111109 268296849
816058373 43962702
850887141 94937470
-680427845 588642763
53475163 102442324
94298583 505469110
-970850085 619152766
-954641912 52943619
-620322369 355203232
331144354 366749182
791154689 680988507
-940229507 627627722
-9014058 13561307
-539482366 98435314
-130454656 953232839
640722507 610080613
-842033177 82359431
-674116483 718571032
-249230104 767606404
-678330108 596035033
-642417728 751355200
-983307388 273349868
-840498426 81720200
-415301204 92001829
-689586321 317521308
870886367 545850905
-59028242 642318668
-856653133 614697392
-427153689 726738167
425997895 746376300
200652337 483736090
127947351 426916387
168419984 723261814
-787229433 838063760
-765654028 161119677
-990789750 982344389
533244015 216674406
41724535 783299977
-134352985 283121896
-17049015 941782558
-233164880 666661093
610797442 250466845
-806275003 567141154
612260474 532769488
127133213 100682792
866102938 526335910
-711560581 95039150
362308401 966349422
259613236 42339315
91939977 51964722
676575780 664118208
400753503 746836963
-875389404 647010119
805642271 189984704
-508840769 871160867
-667738161 12844544
972945039 252491572
-665461552 301051019
-192626983 534493719
-877885696 25643252
-87526933 813305375
671287203 574652871
-332051617 794041869
368650188 575642327
700127988 927586668
-47084200 111471885
-862337384 890750335
-556274718 420866513
995196236 149532724
-584017933 845341006
-88224921 393831792
-908584382 973554469
470959329 572723784
-811181678 467794960
-345167078 599615329
329382289 180806385
78851442 438699237
192183832 152352287
136792012 111989605
-939850201 834798138
205896080 356989620
-692291628 945412186
-541573796 637526527
937826223 312094281
135059617 608243011
-751003517 258007533
894460848 710770304
-912287955 494379565
-217020642 22108981
232283600 2346733
110901408 134449901
-946478047 965241426
-720383961 647328693
-423535614 524153466
549167133 188054833
299429673 555054176
27285187 33454721
-915043690 104364431
173962515 632550158
-77326411 446956483
-821532684 565282686
-495446866 463190033
-274729451 472905840
-236995194 365175838
-577769979 122767405
147541916 769173824
363312183 56573163
-925170013 229432302
-997448605 139830558
-326401182 473922624
976427638 351729893
-640586941 291421173
-941688239 833302481
767707061 246821568
177639907 928573917
-53974752 144278830
-241322122 388955263
598743084 344931988
-525918315 277595931
625765029 352703513
936947976 294580673
-21962074 71983627
-802884666 132225026
106158858 409752668
-988420080 696837612
-720062440 40303081
102823243 98080901
-960615549 960642345
591496619 848728235
696113644 543465039
500377978 741043238
-489929179 681954495
-478188115 161956857
264522696 206107546
-708224366 71209962
-193225514 668140967
-395411032 532160600
-545682468 472240974
-537780518 219531396
-325713287 230861520
-10612631 493365576
909604825 182953565
795620519 832076695
-829024506 8664898
-697294082 430851833
528800428 165207442
-352367572 392551410
63839297 321119160
-540268125 212082176
879229653 687462516
947870561 389869175
696644966 830924971
-462581549 992493119
16451396 828121446
923170384 95911839
-952736182 788758341
284080614 807298308
-91185653 645538840
938209101 693131282
-846672215 4855725
710857156 546887640
560446207 84972048
-511557702 131864833
-279861911 709470809
-871739845 572778995
-228035822 841063382
541856447 556659709
780729512 802508567
67900077 639306604
51858782 939532360
106314166 375872163
-598969366 769439210
645221577 131390003
-474669351 187360977
-150558195 621995713
-329939290 669386359
-615492339 646959737
-852207315 27468235
685255403 83914059
61654758 880466016
358268690 758044990
225505122 514112810
823934335 110759992
-694406920 133611888
-951854183 744383229
956641339 504677716
-426469906 402350635
-940652647 390350582
-709626710 913029681
695942377 572868564
771574972 520253201
866607919 781917774
-89507408 859508022
-778911580 112257586
466279528 564623364
557985266 910525262
197652833 736190007
-704836441 523760046
612688010 67376023
859934200 103537636
824390681 944455222
-724181061 143577869
-273956528 53572475
-880891974 42169448
273020877 869240249
-984896272 254754134
-732102097 326426741
-776186245 376826091
-710719526 408779527
-927754865 20034830
64460909 218477972
816918082 965467507
-377934338 280277294
-94473464 391739177
984678395 115743300
17625766 840627806
-444455518 34255812
-470174186 486676035
315246711 450887928
367630200 740758937
-392825151 915031939
-900872766 272184819
-825889959 935018438
-123858498 189186049
642272813 262058408
-688820985 706917599
-67595324 110380867
648157799 814218382
456101252 189583760
-275458320 528219761
-883796923 712048705
-972087698 369805082
981932153 957962783
-474636129 709883701
353520548 10842571
-888702441 232692779
-247842142 958796941
991343458 1018465
804048023 633304322
715780523 259806451
49216317 645860607
570991523 185440001
-17569942 479219023
274538572 728992346
902741731 402056337
-496876946 580672498
310406949 318625728
-665834260 210501291
-144405668 121064014
-503778630 425368937
-882532437 482190996
8710887 44008265
-267368334 295066452
-672818049 252345099
-456411330 210169346
551765730 451980468
875652281 154987232
416497962 153019861
15186469 826590050
716596023 480478464
-460117627 836633573
-915466338 301370069
-475292762 355902442
-880615047 33463193
701655296 549185844
-105317462 600742140
-622649307 680514864
-802211544 844687604
-633493258 218437660
695362233 980578739
170070030 115864376
-869591466 709979773
-946966243 983882109
-407530969 269114416
548085023 430679850
-595844472 978699721
-851868523 446570513
-979680304 346451053
-952800609 503546565
78586679 624138501
589521940 248099204
-812015035 180018698
-712364789 890459687
752373005 178149566
462748584 676054371
-444107084 271788818
-642533452 557241233
-278783748 706875658
97619886 899349383
-153131808 17479753
394381989 312551215
-339683983 248835098
625504506 258401119
-952590940 704080383
828233844 255476301
-671499532 954020213
-860151323 259554363
-208868508 483333483
-492847374 877796751
499677933 950059857
621968034 504308590
-851522579 235422489
425159190 283378976
-675828808 833772665
-256625877 226050764
-746693834 41790617
344849862 302261408
514176347 210280255
28845879 223702811
-126322940 166114815
421432929 208336829
602460968 278214571
-861764822 275679888
970923371 618942979
-293201585 469203577
164908 197406697
-45098352 655146544
-528780563 282554506
-699162229 599720128
907512690 814955014
900558975 354690891
542701930 986440447
908345545 720485062
924728295 92419517
-171421081 104228771
780500037 895877860
-314124543 887624632
728329316 819229190
280935614 111214272
-453823588 730196877
-968705890 12559034
370086401 94452021
-316167427 565125061
43695769 812469966
440137408 886517012
-755094232 707504395
-427692390 93365963
-93855390 901013416
-512613787 157968479
-186186625 260852282
-849845704 42581905
-446735700 779516501
944841586 307347712
950070125 405052179
-737566325 127324901
-695539244 222532841
553902463 987933691
277807055 36544264
-820740334 981321271
771741626 142084605
-829072201 542607788
943993395 547920441
-876395428 112234093
453066617 940736422
422274741 92175195
849120680 493721975
94719114 570835434
-779077517 816102393
241023061 222179351
-681677038 444185234
-85011764 854005193
-301674307 695591571
211775911 609620122
305473293 515622019
361973736 784704316
-977977416 118236975
-889741915 981245882
-680759139 549135449
-770147626 87363337
81182070 131052199
-94112805 880949663
574898586 125012807
500963247 969399452
615464334 453064952
-171936259 177343060
9660460 771027715
327866013 581234913
-896741486 343063246
387696925 59082632
263741341 186388850
527162025 611909885
-730456060 409921390
-618507771 198555773
-918053006 283704661
-234863129 790984745
817776670 827949247
516213380 756964340
-801788691 350478190
-600016697 193707714
681581689 836653438
-270351229 712056417
127723045 843095489
374632509 747419560
27577046 104344636
202069316 251595961
-264582746 7590183
-762830968 826760149
-141869779 764600709
831100103 652186950
340538949 682234022
94259941 60799723
-440132887 133404559
-893301700 736278751
387320198 679476545
493093089 522566330
160161944 886151107
-803484313 759729799
987379589 460669842
-754284310 968891212
-856816641 204386066
4863819 359681057
-596755103 754118722
-131825082 3412633
726266724 977285406
570975613 258660243
-408365842 978198186
-813817589 736461161
-485551527 31248689
-765326600 827163167
-650167496 424265032
-81774260 737717262
733673668 957600674
-928378731 424895131
-445343776 328226266
-979126995 708894201
734380524 144249063
-863875001 898836600
-853735907 274998119
406814068 600339089
-294765736 650368186
-565830174 78805986
912270484 217812931
77193658 465755754
-500629752 855146300
535134749 204399651
11318335 642108118
-376207399 401515287
-545405098 190313629
756283641 261337291
690970784 25656760
31541138 371872807
398285490 509099570
814386849 706054354
-150061953 791528952
-396936616 12809494
-832448590 192007874
-822860919 132944936
753396304 288310749
-552282395 314865036
-265670585 854056098
771563252 157633145
-652282517 79116777
230123645 517945685
-494065325 962111914
-784470827 333307851
261077705 460222411
739737865 582045736
157838285 44778403
-424898728 708744759
-634019808 895079493
925252996 166112035
528807533 251923200
-169700588 87480108
854818892 492353155
-46076484 809685059
556602836 520668053
-753043514 956246110
-273619229 495355249
-988699651 16377660
51437184 613527563
883954743 402781763
-916053622 696960556
-944682272 299841886
779764397 244527430
-744611425 880159077
-734551225 29224201
404005167 813684829
-726315112 652071417
-574367920 63804385
-781704334 324247593
-387824811 337536431
-766132569 975328484
-429131594 538174444
-917133961 893184525
-713343087 104061842
-608071918 121620453
615244236 673473513
-249477513 360114353
161340555 150189347
-838520144 771075000
-47309333 679511401
-496194398 706744692
-51478824 22186981
269007576 224631231
157977837 701700445
-697345007 475446271
-873705082 255174034
745915383 510266765
-622551316 237492683
966899076 886212047
-891470013 72708299
-881563679 31643776
838663404 813014518
161420773 22110326
475496307 455621570
-614315011 404382468
-769180531 45389607
-254178869 75277769
13244304 847762941
-38695454 576422481
-819827858 383459188
158333173 808337266
-53555929 101775824
-579331710 892093826
267039639 788995526
666597088 515309462
166955213 313823278
399719166 994087569
-945993933 720877143
437119134 686882247
-875586169 3752515
-573853713 351437382
-622579860 746110257
-20244866 66362480
-269860254 670010579
378988628 912510832
788118623 150923936
578377411 134268224
-751516054 198811486
-333337695 57529635
506073630 32934839
-83900041 384954457
202551487 388219086
-499355135 464905469
731442104 203049939
-465069245 722213651
952722420 214341329
785579046 446316117
684792169 677232132
-186146060 877317087
-730578362 55407562
-902154335 691644871
-23571554 818306837
399853157 351870878
411339038 764191200
827647849 451074881
-869509138 917518260
-520445943 962808903
-761098330 61763453
-826750374 894726119
631069384 260910408
-561344534 718650279
-52472166 118449216
905819137 382517432
-504974796 532061624
994585881 612537207
34874079 201576634
198100259 157374838
-290348786 11815429
-528358401 288532449
-463735942 546028042
-597743374 910611927
-601855081 878226970
988763059 512667636
356260410 714489457
965499562 820528100
507622447 652978806
-497691159 244420197
-460238622 5878045
853343900 249659523
42510960 72845521
-793296672 490542328
-871651361 593643894
-719627444 360207103
869672172 919497796
-816203116 907897029
-23364799 281593000
133466850 520804610
-30140552 190205578
-823741512 860644503
-132534269 552867021
275191002 262149922
-921981713 755184108
-550108854 975773722
-147271546 521332455
148033242 47170199
-798851428 715944395
-394086348 550820452
260135475 434343852
