1000 0 1000000
710 786236224
364 740055177
364 740055177
710 786236224
827 183962291
710 786236224
710 786236224
92 887881410
710 786236224
364 740055177
710 786236224
965 984143608
417 901625808
965 984143608
710 786236224
-322 34753051
-672 647227552
710 786236224
965 984143608
-222 342799111
710 786236224
965 984143608
-143 662069445
965 984143608
364 740055177
710 786236224
965 984143608
364 740055177
965 984143608
364 740055177
710 786236224
-136 120686877
710 786236224
965 984143608
344 856768535
710 786236224
965 984143608
965 984143608
364 740055177
364 740055177
965 984143608
965 984143608
965 984143608
710 786236224
710 786236224
710 786236224
965 984143608
710 786236224
-796 467991079
965 984143608
965 984143608
710 786236224
965 984143608
364 740055177
364 740055177
710 786236224
710 786236224
710 786236224
965 984143608
965 984143608
710 786236224
965 984143608
364 740055177
965 984143608
364 740055177
364 740055177
-598 785327028
710 786236224
965 984143608
710 786236224
965 984143608
364 740055177
-613 856761717
710 786236224
710 786236224
965 984143608
965 984143608
710 786236224
271 457306984
965 984143608
965 984143608
780 604795754
364 740055177
-427 577320368
89 578106466
965 984143608
364 740055177
710 786236224
710 786236224
965 984143608
965 984143608
710 786236224
-64 477091092
-934 476007612
364 740055177
710 786236224
878 632471392
-146 495612574
364 740055177
710 786236224
710 786236224
965 984143608
965 984143608
965 984143608
965 984143608
-53 781138582
710 786236224
710 786236224
364 740055177
16 36703908
494 44792362
364 740055177
-906 855790979
364 740055177
-998 133832107
710 786236224
-37 456079100
364 740055177
965 984143608
965 984143608
965 984143608
965 984143608
965 984143608
364 740055177
965 984143608
710 786236224
-16 144551993
535 974898222
710 786236224
710 786236224
-473 420242808
364 740055177
710 786236224
965 984143608
710 786236224
710 786236224
710 786236224
364 740055177
364 740055177
364 740055177
710 786236224
965 984143608
364 740055177
364 740055177
-225 142658703
364 740055177
960 509919696
965 984143608
710 786236224
364 740055177
650 985395497
710 786236224
-186 152225656
965 984143608
710 786236224
965 984143608
965 984143608
965 984143608
965 984143608
364 740055177
-895 252060072
710 786236224
-408 762866065
710 786236224
965 984143608
710 786236224
904 262731088
710 786236224
710 786236224
-278 290442298
965 984143608
710 786236224
-783 367048456
965 984143608
364 740055177
710 786236224
965 984143608
364 740055177
364 740055177
965 984143608
965 984143608
710 786236224
364 740055177
710 786236224
965 984143608
710 786236224
710 786236224
364 740055177
364 740055177
-904 42962174
-678 429169538
965 984143608
710 786236224
965 984143608
364 740055177
364 740055177
965 984143608
364 740055177
-179 367608055
364 740055177
965 984143608
-324 220354894
364 740055177
885 562557460
364 740055177
710 786236224
346 555043481
101 939642378
364 740055177
710 786236224
364 740055177
965 984143608
364 740055177
965 984143608
965 984143608
364 740055177
965 984143608
364 740055177
710 786236224
965 984143608
364 740055177
710 786236224
965 984143608
710 786236224
685 880609335
-939 662410109
935 650793994
710 786236224
967 660620608
965 984143608
364 740055177
758 835656463
800 512860192
131 815720258
710 786236224
965 984143608
-782 423081251
364 740055177
710 786236224
965 984143608
965 984143608
710 786236224
364 740055177
-498 818422923
710 786236224
710 786236224
965 984143608
965 984143608
965 984143608
84 179786884
969 807913140
710 786236224
710 786236224
965 984143608
710 786236224
364 740055177
965 984143608
-233 414392380
710 786236224
364 740055177
364 740055177
199 12676318
364 740055177
364 740055177
364 740055177
364 740055177
965 984143608
710 786236224
710 786236224
965 984143608
710 786236224
710 786236224
256 523224900
965 984143608
965 984143608
965 984143608
364 740055177
710 786236224
842 525192402
364 740055177
364 740055177
965 984143608
710 786236224
710 786236224
965 984143608
965 984143608
965 984143608
364 740055177
710 786236224
710 786236224
710 786236224
965 984143608
965 984143608
364 740055177
364 740055177
15 289800085
710 786236224
710 786236224
710 786236224
364 740055177
965 984143608
-346 684492796
965 984143608
965 984143608
364 740055177
965 984143608
181 210620431
591 22884694
710 786236224
201 568519330
965 984143608
965 984143608
710 786236224
965 984143608
618 360759265
-868 75122805
965 984143608
-793 770585379
710 786236224
965 984143608
965 984143608
364 740055177
965 984143608
-18 726825143
-178 986322701
364 740055177
364 740055177
710 786236224
710 786236224
364 740055177
965 984143608
364 740055177
-842 625149750
364 740055177
364 740055177
364 740055177
364 740055177
364 740055177
965 984143608
-690 786710256
710 786236224
965 984143608
364 740055177
965 984143608
710 786236224
710 786236224
-391 892908273
710 786236224
710 786236224
710 786236224
364 740055177
710 786236224
710 786236224
710 786236224
309 435060271
710 786236224
-769 371757311
974 55879858
15 945072546
710 786236224
-268 868579524
-339 113644946
364 740055177
364 740055177
965 984143608
364 740055177
364 740055177
710 786236224
710 786236224
965 984143608
965 984143608
965 984143608
-72 929940161
364 740055177
965 984143608
418 313339618
459 802694073
965 984143608
710 786236224
965 984143608
710 786236224
364 740055177
364 740055177
965 984143608
710 786236224
965 984143608
364 740055177
965 984143608
965 984143608
364 740055177
-929 68215433
-462 370183194
364 740055177
364 740055177
710 786236224
-895 741339027
942 61197464
364 740055177
965 984143608
-598 999908933
965 984143608
30 152396521
965 984143608
965 984143608
364 740055177
-935 562031353
965 984143608
364 740055177
29 930982372
965 984143608
364 740055177
-676 289432347
938 962258053
-191 260565460
965 984143608
965 984143608
364 740055177
710 786236224
710 786236224
364 740055177
-38 291606152
965 984143608
710 786236224
965 984143608
965 984143608
-585 27655038
412 329181621
710 786236224
364 740055177
965 984143608
364 740055177
710 786236224
-768 335970030
364 740055177
965 984143608
965 984143608
789 892994007
-984 167690248
710 786236224
347 147017654
-310 128943083
364 740055177
439 582414535
-157 225648866
-616 286797679
364 740055177
364 740055177
710 786236224
364 740055177
364 740055177
364 740055177
965 984143608
710 786236224
965 984143608
710 786236224
364 740055177
503 156837401
710 786236224
364 740055177
710 786236224
710 786236224
965 984143608
364 740055177
364 740055177
965 984143608
710 786236224
710 786236224
710 786236224
364 740055177
364 740055177
76 313770379
965 984143608
710 786236224
364 740055177
965 984143608
965 984143608
364 740055177
-889 818907420
965 984143608
-657 765313880
965 984143608
965 984143608
710 786236224
965 984143608
-207 488895253
364 740055177
393 27057185
364 740055177
965 984143608
356 330623374
710 786236224
710 786236224
-473 212302535
710 786236224
364 740055177
710 786236224
965 984143608
-796 949226103
965 984143608
965 984143608
-602 175158557
710 786236224
364 740055177
364 740055177
710 786236224
710 786236224
515 458664399
710 786236224
364 740055177
710 786236224
695 194089204
965 984143608
364 740055177
710 786236224
710 786236224
710 786236224
965 984143608
-740 343266253
965 984143608
965 984143608
-81 323792882
965 984143608
364 740055177
364 740055177
710 786236224
710 786236224
710 786236224
710 786236224
364 740055177
710 786236224
-538 42143590
364 740055177
364 740055177
-736 122190843
965 984143608
364 740055177
710 786236224
364 740055177
364 740055177
709 297524091
128 463251669
965 984143608
-511 830270247
364 740055177
364 740055177
364 740055177
965 984143608
965 984143608
710 786236224
364 740055177
-300 531079323
786 726017290
834 593577062
364 740055177
965 984143608
710 786236224
364 740055177
873 319963026
710 786236224
710 786236224
-608 845884929
364 740055177
364 740055177
965 984143608
710 786236224
965 984143608
364 740055177
710 786236224
710 786236224
558 124602012
364 740055177
710 786236224
710 786236224
965 984143608
710 786236224
965 984143608
364 740055177
965 984143608
710 786236224
932 929159850
364 740055177
364 740055177
954 17315334
965 984143608
364 740055177
965 984143608
710 786236224
710 786236224
710 786236224
-938 347850316
-935 495371344
364 740055177
965 984143608
710 786236224
364 740055177
710 786236224
965 984143608
965 984143608
710 786236224
710 786236224
965 984143608
364 740055177
364 740055177
364 740055177
-897 829965333
965 984143608
965 984143608
364 740055177
710 786236224
364 740055177
965 984143608
-967 794431530
364 740055177
364 740055177
710 786236224
908 670679458
710 786236224
965 984143608
710 786236224
965 984143608
965 984143608
364 740055177
993 794810514
710 786236224
965 984143608
-329 6707290
364 740055177
364 740055177
710 786236224
710 786236224
364 740055177
710 786236224
710 786236224
879 341245384
965 984143608
965 984143608
965 984143608
965 984143608
364 740055177
965 984143608
364 740055177
662 503487915
364 740055177
965 984143608
965 984143608
710 786236224
364 740055177
710 786236224
417 992089603
364 740055177
364 740055177
364 740055177
364 740055177
965 984143608
965 984143608
710 786236224
965 984143608
364 740055177
364 740055177
965 984143608
-673 727717065
364 740055177
722 247247837
710 786236224
710 786236224
710 786236224
710 786236224
364 740055177
710 786236224
965 984143608
364 740055177
965 984143608
710 786236224
647 454925830
252 828947135
-918 745937941
-12 745516116
965 984143608
965 984143608
965 984143608
932 109874525
710 786236224
364 740055177
364 740055177
710 786236224
710 786236224
965 984143608
710 786236224
364 740055177
710 786236224
710 786236224
364 740055177
965 984143608
952 735387790
710 786236224
394 739743531
898 829895201
710 786236224
965 984143608
364 740055177
364 740055177
710 786236224
710 786236224
965 984143608
965 984143608
364 740055177
364 740055177
364 740055177
364 740055177
965 984143608
364 740055177
364 740055177
710 786236224
364 740055177
364 740055177
710 786236224
965 984143608
364 740055177
710 786236224
710 786236224
364 740055177
710 786236224
965 984143608
710 786236224
710 786236224
710 786236224
965 984143608
364 740055177
364 740055177
710 786236224
965 984143608
364 740055177
710 786236224
965 984143608
364 740055177
965 984143608
-155 365426120
364 740055177
364 740055177
965 984143608
21 755058263
710 786236224
364 740055177
31 853912190
364 740055177
710 786236224
364 740055177
364 740055177
-246 99839300
710 786236224
710 786236224
965 984143608
710 786236224
364 740055177
965 984143608
934 353300642
-423 67958005
364 740055177
364 740055177
710 786236224
710 786236224
364 740055177
364 740055177
965 984143608
-544 60506972
282 676098879
710 786236224
710 786236224
981 999649587
364 740055177
364 740055177
364 740055177
710 786236224
710 786236224
370 18296902
364 740055177
143 729938900
640 561928203
364 740055177
965 984143608
710 786236224
710 786236224
965 984143608
965 984143608
-449 592000261
710 786236224
364 740055177
710 786236224
927 972970331
965 984143608
364 740055177
965 984143608
364 740055177
710 786236224
965 984143608
364 740055177
965 984143608
710 786236224
907 430068304
710 786236224
710 786236224
710 786236224
402 271241392
710 786236224
710 786236224
965 984143608
65 664246882
635 694679387
364 740055177
456 288841267
965 984143608
965 984143608
710 786236224
965 984143608
965 984143608
965 984143608
-353 43687626
710 786236224
-657 184271195
965 984143608
710 786236224
364 740055177
578 4764341
233 478052245
364 740055177
364 740055177
965 984143608
965 984143608
965 984143608
364 740055177
364 740055177
965 984143608
583 286509449
965 984143608
364 740055177
710 786236224
965 984143608
965 984143608
965 984143608
364 740055177
710 786236224
710 786236224
874 529563579
364 740055177
570 10615075
965 984143608
710 786236224
710 786236224
364 740055177
965 984143608
710 786236224
364 740055177
682 180883047
965 984143608
-19 857880325
364 740055177
965 984143608
965 984143608
-733 56533014
965 984143608
710 786236224
-218 730627018
965 984143608
965 984143608
710 786236224
-650 169560940
-179 38508630
364 740055177
710 786236224
128 727079590
965 984143608
710 786236224
965 984143608
965 984143608
364 740055177
-395 63465595
965 984143608
965 984143608
710 786236224
965 984143608
710 786236224
965 984143608
364 740055177
364 740055177
710 786236224
364 740055177
965 984143608
710 786236224
364 740055177
710 786236224
965 984143608
-103 834235161
965 984143608
364 740055177
710 786236224
364 740055177
710 786236224
364 740055177
364 740055177
364 740055177
650 461461916
-503 190869110
710 786236224
364 740055177
364 740055177
965 984143608
965 984143608
965 984143608
364 740055177
364 740055177
710 786236224
965 984143608
965 984143608
364 740055177
965 984143608
710 786236224
965 984143608
710 786236224
965 984143608
710 786236224
60 628470075
965 984143608
-724 661524101
965 984143608
965 984143608
965 984143608
960 412699898
710 786236224
836 520525310
710 786236224
-416 141438717
965 984143608
710 786236224
710 786236224
710 786236224
965 984143608
364 740055177
710 786236224
785 957883897
364 740055177
364 740055177
965 984143608
364 740055177
108 426678914
364 740055177
710 786236224
710 786236224
364 740055177
364 740055177
710 786236224
364 740055177
710 786236224
965 984143608
364 740055177
710 786236224
965 984143608
710 786236224
364 740055177
965 984143608
965 984143608
710 786236224
364 740055177
52 119151026
441 231392105
364 740055177
364 740055177
710 786236224
364 740055177
710 786236224
364 740055177
965 984143608
364 740055177
364 740055177
364 740055177
458 850039762
965 984143608
719 730179392
965 984143608
364 740055177
710 786236224
965 984143608
364 740055177
965 984143608
364 740055177
710 786236224
965 984143608
364 740055177
710 786236224
364 740055177
364 740055177
538 123137499
364 740055177
501 547652064
364 740055177
364 740055177
965 984143608
710 786236224
364 740055177
-246 319861020
364 740055177
