1000 421780 -958215
-843140 42360
30246 679197
-770396 783412
748236 557362
555199 197923
716612 737394
13889 93313
940587 26889
279627 705690
-449106 864801
686340 543722
15761 444697
683998 714072
-964175 541062
476989 778398
-893194 861677
-11565 839522
-161808 105966
-765750 477333
467110 697317
-762457 438891
-562151 5199
-455513 309555
860998 591780
579437 691307
-156803 288876
517392 572146
648714 732440
-912791 272283
869710 548788
635487 568936
-505826 282569
-226519 222179
-661727 81871
-812443 893276
-413522 131239
946468 750386
-60169 641637
-483073 994717
-239598 590392
-284571 807477
932944 138433
-205025 43138
395637 305296
802634 872590
378599 734563
-963836 545751
232109 693606
-789496 504899
945386 944836
-119285 783555
-63312 495272
-182798 836509
5029 868040
-608005 519911
319116 831898
359393 8924
159439 601532
885895 171260
619198 111528
389896 183457
-606896 841310
-575382 398864
134576 39349
528412 115850
939168 539204
-64353 5625
-861353 672705
441970 891609
97882 833366
-240531 911074
270448 367682
-998030 748697
-316981 317427
488782 77173
-386824 489171
858723 220438
-446089 728868
-487119 495850
712410 160816
-72529 230258
787005 640252
260010 581678
-614025 363554
491583 95883
-771537 422610
308970 787082
-437920 505688
-678786 158011
-134708 479176
390588 690403
-247091 784897
980796 64093
702901 248949
80998 590201
-783783 764065
-396276 840637
-415830 164007
278379 582036
-459855 42794
504848 282496
959236 120320
893499 11830
-328977 489834
447076 823712
399572 731256
-604026 961038
-606247 365662
-557990 286517
-362460 633484
-187980 427930
962134 118506
-137537 328761
-597982 513822
547396 305562
-661495 186592
189213 966830
-61188 301429
681368 612890
27438 17106
202206 995156
-219725 590278
-449121 857856
645272 775219
-100464 126575
-958867 870859
-576428 660371
-857305 538426
-5586 239391
-960875 578797
-715708 604743
89331 390383
-87268 46649
483087 216114
95052 680271
623460 805857
829372 550105
-627679 59215
-555669 546752
-51596 759058
599169 887959
57923 917621
457628 173372
-781941 679829
807629 253022
626703 550552
209961 881208
-156624 365844
-768889 797919
-496264 767711
-503333 745835
-149074 384226
-178490 463694
-191259 474103
648683 390005
-73468 633392
-463684 828354
543059 509006
-127159 482411
152633 136868
-509247 975204
443416 918889
-196641 309238
-792595 535084
633303 486005
963845 717332
-432772 652247
407310 198039
-991428 544332
695418 843279
-278171 118167
-657056 654882
112721 596095
525730 435456
588903 292559
-281449 732482
488986 783969
139181 679013
783310 827313
360142 791311
184941 834086
453107 772089
-945623 93316
423762 515281
720220 973125
-248925 814905
-319982 563149
-850494 925677
446512 799271
949554 74171
293693 11686
764841 704662
146164 214507
-331940 267508
-361617 880662
491085 624971
-774021 532111
-2357 586778
31795 804524
809572 192540
-860841 851718
705568 280596
-386189 949227
573208 484932
-495903 878273
595641 339777
833025 974630
-85342 802325
440787 372439
836764 869478
-542599 190576
493308 177477
-9329 333267
-985039 51143
-732839 464534
907699 84133
-711687 172922
317463 340071
638595 891161
624094 628665
-426083 205688
106041 72532
56195 166056
474792 728553
-395244 555104
-213593 739381
-642781 994783
291163 73387
-34396 478672
-710989 334965
813276 511315
330662 747129
506544 485756
-947568 467268
-67040 928512
-362234 783662
741589 705725
-277946 94957
518279 538571
-806949 156082
-751828 30978
-243188 413119
325570 233139
688618 813821
603779 420759
-884448 261045
466229 868469
237039 675840
949766 288220
-356331 633684
934487 940572
587412 454521
666106 735613
-731486 104871
-894079 562673
-541604 86700
337686 313813
430855 935310
-683720 927270
747980 1607
212892 570834
445023 957006
426066 743471
-378708 252603
-233413 677158
195926 51659
43492 863078
-716045 996359
879463 254401
417981 426103
-407937 743718
76742 69777
302999 533631
350102 981851
-140884 601240
-459372 466663
-586960 177231
-140087 580383
361156 919525
898547 566564
-159001 309279
-432072 822189
-824933 987558
457831 212705
932561 182913
-405275 324233
285540 607894
21825 879987
902472 317700
370795 826153
160020 534044
27051 540872
-387903 418686
789450 561192
-814941 607374
-262202 517110
-161568 560644
336902 816415
-307847 913457
776143 660307
-635456 168008
680885 599991
-195891 977444
-619997 783200
-524722 273487
743393 499769
-322792 601846
360901 281803
-273894 382203
-123137 581417
-250517 791326
-392243 930892
-577536 463545
-359739 441889
609280 587480
835429 965632
-712982 823258
433400 871930
-91427 648960
338802 278937
-93766 706479
119137 224459
307850 410711
-475960 621209
249690 361467
102503 863218
-865029 337914
285302 137541
-725807 276723
115919 624761
-764926 59855
-233887 305429
-422440 227916
323400 180257
508875 812859
-762478 229921
-957914 682677
-650920 425024
688251 299228
-966907 573588
47036 210009
-476058 525693
407773 896134
-734841 756204
-98109 384475
290480 806989
368201 18541
680274 357361
674290 851688
530206 717380
-204423 733474
-200566 338044
-169283 376126
987329 131463
-948524 812599
362118 90470
-635068 602018
-691269 622632
-576875 924799
-434628 617460
619104 557433
-803995 979085
260026 792963
737594 93293
-325482 464406
-624964 756218
413420 555433
-331696 259377
375874 480922
749016 326174
108158 166696
-735438 60002
-759698 123871
-511510 916440
879284 768302
-390989 472386
-329021 86360
-919225 881937
-345431 281636
407990 901851
-207456 61943
-32449 169285
88472 958649
-613492 326594
386998 860007
-663335 760021
-391215 67498
-96419 959280
-868015 108218
-512701 508459
-592879 559677
-796470 600883
973590 996431
403344 550897
-907000 528852
-191021 116408
-581443 16417
-713484 345243
11015 478761
-137369 833430
173736 460684
907324 802035
889101 616983
-876183 689723
-28492 754640
351491 315492
464875 811811
932600 638202
337128 877259
573674 983100
411132 246301
824268 421240
-219467 189340
617509 281400
418448 805894
-928082 752451
719015 945966
-996455 289626
537088 97096
159622 225361
308461 6402
-650565 611383
-97582 893474
-231199 765481
30902 188151
-217563 887376
-113047 676760
-953691 891945
-998387 493030
-825432 335651
-152212 578466
-537945 315346
480638 957943
947461 292318
826342 707935
998313 883541
-841185 346456
-879296 994793
852243 935775
-305949 771360
-33693 365744
33820 77496
528429 110048
-194458 512056
792489 688848
217764 315566
508177 26872
-938453 567508
-304971 341043
-968313 467356
-64752 720472
121667 442716
-59463 339901
-845725 829996
-817095 304051
556719 986680
-116217 973676
186232 846050
-822924 670216
505461 382081
980782 140540
-322355 562695
-759458 124110
943747 890248
-318884 237540
-769435 387026
-48554 140061
-968859 753974
-509328 671382
550216 805442
-484739 889643
812726 655242
401877 728765
453244 686391
10875 378211
-177290 471055
266716 357959
630801 973619
-933530 737860
-432835 841003
-198937 852703
760175 461850
362979 771372
746131 545860
-184663 834356
33287 918969
798783 365663
899223 307978
70947 765274
631536 74197
-940168 572018
849365 92353
7908 913991
885182 736274
-278510 640051
-125829 940619
609149 354857
-317814 686854
-248629 960456
495527 492258
-118948 996791
22592 442264
649647 607447
-367750 262936
-524174 157546
329356 97448
-156461 724977
-695050 845923
504940 142649
-142449 67407
-49177 116409
-786507 628521
217478 402088
716421 507466
661497 490444
155174 769054
-367020 250041
839647 754028
-349636 78367
408700 286903
764205 137715
3916 695739
-909177 649263
726574 515523
-513111 290154
867840 842706
-662745 976282
-105677 704913
859788 541686
-264035 375816
727868 609770
-221573 121215
-238171 180614
68195 391243
-894497 163201
220581 376367
-477543 592639
952584 165460
-660569 711318
168360 657733
-612370 443722
-234726 198025
-968754 84337
-796067 873539
71570 538588
-308312 985014
-38092 311656
-307622 455144
995766 454748
-720104 797573
392601 431270
-176139 15296
-117926 956210
-610774 810817
958093 800805
760929 196927
464660 529134
-659372 102042
-357969 495544
-649722 541443
82504 359084
971620 959638
612848 957116
144811 965805
965640 56712
240029 712951
166876 109960
-204452 916087
825407 402554
-812020 671066
480997 796928
-940797 326666
622361 924712
-681830 805357
646391 95438
-523938 746797
-311429 104820
206561 136244
688282 767164
728831 164289
-593941 888754
304082 811294
725256 679926
384698 47759
-446198 679629
667979 173483
-16788 39530
562130 754726
936106 649992
-480368 497837
-227096 179305
-32083 690237
50393 737724
-485879 532823
256421 893510
95027 210215
-256216 843787
-332095 660031
-39575 774686
-842490 94014
923013 69041
-131068 274399
272273 902764
-190648 629018
86125 206292
-642790 920301
-810977 683125
159904 532992
-130106 959289
-51340 844057
752898 476978
-821886 586266
-632327 534613
-7232 609844
533924 481494
-368800 378095
-903384 94040
609387 548920
905253 241733
-582762 173444
845649 634422
-201603 112955
90585 22742
931690 272659
-790825 619285
-329747 554095
843732 126419
-672937 966548
81547 342709
259164 776066
-497482 579732
-56840 596118
-365951 584857
-811758 994233
101126 977354
-257179 248287
61135 495569
-83169 72043
-223115 469456
-738699 966397
-19903 541698
145920 552103
726393 105365
-54138 309260
417035 313392
879977 564391
521628 488583
-262611 743921
-32932 732832
-898278 780016
224683 489147
-350831 618340
952649 467589
771785 197907
281466 348873
-458686 743644
918292 200068
-44351 156899
-945965 991477
492535 522804
-56594 357839
218355 675070
504455 581236
109643 123499
48123 411336
181820 589010
-599728 872065
522745 633096
-274991 542820
-481838 395069
937210 378130
-697524 972143
887227 134777
-970351 884792
-939587 366325
-446109 864930
-864082 212740
616638 236232
-742547 641731
527485 205225
73320 121491
997143 598088
-439943 551010
-919136 874941
519431 712319
68335 970019
973159 494432
-9245 845787
9025 399110
-557223 752867
-301508 125762
-428819 540436
957136 855675
443788 164107
150613 501023
-771890 370771
119344 191488
-574740 872537
-423414 182140
-824456 23997
-785134 7744
-470328 974174
-619749 686211
827887 950783
476664 411707
-371746 204875
-505237 219149
-566082 894531
459883 769042
-222367 137891
439199 247730
-369251 917003
-196838 961783
-826816 992548
261319 689366
-190728 643544
-69563 631734
-55250 732799
-706232 824059
962933 161727
-159017 407268
741621 897677
2688 973545
-641004 882991
-289889 662738
-166216 438733
-895587 502510
662111 841307
659134 248166
-995532 708473
-910442 593591
-964502 785207
-48994 175678
878715 725188
-799186 842866
633398 905973
-444217 554116
-626559 549716
98148 324205
484125 445240
116352 229445
-964033 322150
37144 268906
-121901 758366
-912163 272020
-243462 405780
664083 811194
947620 169754
-330800 828621
-360433 927248
962999 991475
-173373 518376
60523 3287
-714988 268869
-341502 478212
452778 721424
-962573 710809
-369464 899983
923537 739090
-103891 921071
64302 739428
-939094 894042
-76194 816501
-84481 268562
-550789 397825
3491 772872
692843 522514
948249 182709
-513724 138487
-415690 478067
-660567 920232
-605668 13439
-95328 298721
504011 404393
-521627 694886
442751 368371
-452706 146133
-809470 883918
189750 36356
559358 825338
-227503 786467
837087 867911
198273 281467
921446 397616
-880153 343162
240161 311444
-754284 587739
495353 210531
641867 156508
-10692 637818
-72506 823408
837473 503093
332350 439258
-205241 250112
673708 884648
856717 398030
662910 46250
-62227 309871
-17980 789784
-953786 467932
800963 566349
944263 831776
979444 975947
-522013 812007
-2946 724093
-547691 190620
-264799 940802
59619 818796
-612436 613272
485294 334271
630370 188143
534793 877541
-79175 356507
805186 124089
219907 398901
511240 94101
909040 264548
517646 61537
689344 360779
-311440 933880
275320 539418
231907 793856
-764637 524799
35233 595810
249671 831864
-396459 606718
455863 734804
-834628 149801
-949779 903217
64746 829823
869408 596536
574929 472426
962030 39645
282885 654881
874294 13634
395137 552153
686937 368193
549619 830210
217652 367806
81048 523766
71559 61045
615284 931462
-480449 200616
-639401 972458
-988477 935352
467147 737345
-421577 13070
336428 656126
-857814 952293
868431 874054
-723698 924839
-695713 814306
-206431 687723
188133 918178
148695 761972
-947995 459385
386803 440315
-94192 769792
-61485 794690
-957711 459593
160448 628412
-526734 771622
-626384 375955
-115594 179071
423488 396604
-227301 732519
521907 194686
970645 314176
-127893 672669
-528152 726899
541546 777186
-964163 136152
-434858 196430
553710 589619
318431 779960
478724 221934
269880 8521
72227 737530
-840707 488157
-415183 613454
-338610 125887
-574487 762850
841661 787511
774807 921002
559925 533315
875992 537942
870445 118133
-821135 172859
-518266 349417
-197698 912263
-147547 577847
-998501 384061
-276247 642710
-673841 335656
-648264 576277
-946894 432019
-465393 101931
261659 632573
126716 310189
124997 832580
986700 495250
933349 69528
901213 936710
-709089 168549
-935062 228517
546735 783745
-173250 537526
-963600 247791
773642 5815
743998 244222
811778 690310
386295 472022
11484 189573
-190368 268380
934047 825797
613202 582244
158834 254062
-861736 376025
462099 869245
-407261 568075
-664864 178902
-937204 613939
165318 61209
-17748 375200
-547875 373565
6660 54959
-42330 413088
418791 958147
343879 726380
904233 378945
-703214 863561
282360 37966
259501 928658
-377296 753595
343694 363185
-795053 54014
360032 434342
-900297 16721
-83968 501003
-503908 676585
470026 32925
702118 903527
903595 578520
715288 913945
-53088 150566
679341 971792
647704 916810
-19473 83479
631718 361000
44874 301142
-183946 875751
178222 199640
191794 934418
-199257 406239
337001 382784
-345721 774205
467079 172573
247216 168383
749239 642894
512706 723520
-913403 488911
395767 8696
-320082 827617
328006 879403
-185156 85195
333187 244737
955864 334899
-139310 288834
213772 147549
-861807 234456
-320223 67444
714689 76278
127731 598204
41375 859141
785933 824754
-942640 751510
148229 198272
-598143 802912
670717 902388
542610 850582
139917 649050
-42830 469285
792471 489210
-923246 119448
-699864 258818
558946 164362
341936 449917
-697160 134170
-332387 450525
-670149 508177
335082 36355
-492243 484533
999620 285352
-368525 436126
676209 573832
-682961 618909
965865 13737
-727149 454948
868873 711288
-650413 380418
