1000 0 -1000000000
-198989052 2439694
-116515385 1898134
-135209531 2020003
-814561989 7784759
-746466933 7008801
-634178076 6164065
-378547390 4021712
-877788152 8681043
-540409973 5424119
-198206993 2421340
-542295431 5431597
-786761470 7530284
-249196098 2775300
-179622007 2308572
-137255343 2040176
-275131437 3196436
-39083974 1163428
-253787593 2865163
-290677407 3421178
-426148949 4534402
-817703255 7822647
-533261984 5401164
-300195928 3575060
-350517562 3889797
-383001473 4084048
-178053243 2291331
-776172377 7353387
-833107938 8049330
-838829897 8119250
-564074475 5595326
-618116843 6024047
-56879874 1255597
-885935859 8777785
-69912982 1425852
-851994974 8298977
-134949069 2015194
-284251962 3317063
-941201917 9326173
-526793441 5329111
-484118207 4987273
-318738787 3792535
-800451483 7662087
-30219752 1095630
-595726669 5814604
-574084234 5663603
-254390906 2866752
-103829835 1689903
-504208500 5165301
-471047922 4860250
-69761209 1419985
-854388121 8359563
-866414974 8493758
-614876399 6022532
-110488490 1759451
-387034463 4089689
-37061457 1144318
-497661299 5101789
-351730691 3904961
-838938465 8121767
-823601192 7932242
-102375023 1650788
-78155118 1503278
-920165296 9148329
-607467345 5958716
-735109801 6950533
-995493091 9925842
-809723624 7754999
-660168923 6326204
-867587233 8523022
-859427487 8427495
-540455217 5425505
-81187706 1531990
-853726591 8340355
-880862423 8750747
-718144732 6856406
-754906836 7137370
-748148368 7068140
-281090581 3282086
-350539828 3896615
-175351925 2282747
-657343229 6298240
-878920428 8734237
-397366849 4286298
-601633669 5890396
-727267239 6907833
-85849421 1574950
-128388581 1999146
-190520418 2349967
-794614338 7596427
-266022995 3103626
-438082698 4625049
-515424073 5270872
-809525371 7742140
-534260375 5415125
-708977565 6776404
-254992594 2890873
-363562132 3974726
-487234157 5008209
-857874028 8408858
-865527833 8473932
-280812634 3242287
-611916091 6006361
-112326532 1766411
-196343982 2384142
-843680837 8177365
-201650731 2474211
-802263534 7685610
-452153472 4708725
-913904040 9099796
-168108573 2220845
-785611482 7504194
-229288835 2620751
-811617867 7771971
-97910315 1623147
-203225115 2507668
-687362595 6573572
-608246689 5966296
-501801874 5152867
-334953610 3847631
-294044464 3443418
-338309483 3849024
-471090861 4863961
-705967477 6755139
-16079741 1070019
-313519021 3689639
-188622617 2325382
-546883034 5468247
-668770278 6388037
-209145320 2565903
-828833962 8035338
-580928228 5705441
-324049155 3803622
-769879145 7294625
-375208986 4003406
-468801218 4831777
-109343735 1747580
-309396690 3637908
-648861395 6236772
-551484510 5494630
-840269927 8128095
-798785928 7641952
-121744749 1939151
-705097603 6754832
-101847442 1646710
-213885954 2578118
-808136098 7737283
-959115250 9475871
-963724123 9508493
-723314915 6892457
-817501766 7818138
-215844715 2582210
-967918483 9534458
-718460905 6858015
-273004741 3164948
-117506848 1939068
-465291113 4774218
-703838956 6729743
-291274544 3421819
-806018313 7729296
-295812887 3452584
-728386994 6912024
-965602615 9519002
-595387330 5809697
-281045431 3258429
-397518000 4293784
-451213432 4702468
-857327580 8406108
-512907139 5263082
-758973147 7222045
-763254677 7251546
-310363745 3662384
-685109735 6552101
-786665453 7522135
-545046186 5449776
-956405824 9458936
-299124286 3529283
-982834215 9713155
-21411068 1079107
-877945060 8711865
-439437191 4629618
-804229211 7710264
-379158156 4044591
-909222061 9060760
-315516387 3729378
-75845301 1457614
-533024152 5396167
-718527926 6867168
-317886442 3781274
-488329505 5025431
-629832615 6136999
-719783086 6879700
-379610301 4069536
-838931992 8120543
-511309403 5207999
-859692501 8442528
-727928880 6911813
-560426854 5570746
-75829622 1446505
-219200607 2603572
-460155610 4753600
-253138847 2827494
-103601782 1674316
-100010906 1630368
-402672715 4319823
-822322671 7917599
-297803749 3502922
-169637839 2277575
-592378685 5775703
-703573737 6716000
-402709204 4337253
-723910171 6893095
-503251866 5161389
-575205866 5670055
-572592191 5645062
-240186241 2712560
-842358386 8172779
-621898523 6049270
-736451280 6959823
-166848116 2215032
-674999063 6491253
-603962132 5903871
-993739150 9899221
-893688155 8840612
-580708405 5703321
-835164202 8087969
-542894333 5434889
-236979615 2686207
-178719884 2301252
-491667308 5033970
-151013241 2180174
-264004678 3051066
-231262319 2647151
-557052942 5548213
-61528494 1289207
-936923574 9321179
-559470590 5552314
-169651382 2277989
-498756111 5119218
-846820112 8199699
-651114389 6243264
-709047733 6777530
-192034659 2350235
-800026928 7655427
-666146622 6347590
-389145099 4130332
-581594179 5708570
-789939829 7577907
-847919459 8213432
-340685030 3867975
-605069169 5927432
-903978762 9007848
-712961244 6798543
-731792537 6927578
-555117411 5508228
-529532812 5369842
-20818716 1077950
-926863244 9253953
-671966118 6465632
-261755280 3016783
-947966404 9373518
-812633280 7777266
-478479871 4927869
-986218263 9799889
-959142139 9487080
-867783664 8533349
-818766415 7863497
-123837310 1980708
-138154475 2062040
-679987320 6541360
-658815714 6317699
-231046601 2622120
-680979648 6546464
-196705287 2405505
-813828638 7782343
-750089269 7077204
-437920933 4623394
-187201954 2324746
-817011860 7810373
-756726493 7193451
-571123063 5643687
-352362799 3912175
-819423131 7878302
-677012846 6508727
-974686348 9577156
-38175936 1146804
-204701057 2520001
-316416659 3746556
-856847303 8403990
-580678639 5689321
-319547962 3794811
-582487350 5709983
-396615830 4271960
-991788518 9868859
-44902540 1193095
-402618711 4319553
-260780186 3016370
-753732749 7122980
-427684916 4546380
-779126057 7430742
-605537202 5945606
-967022196 9523792
-873602789 8621047
-742542568 6994545
-900710776 8962812
-282916333 3292686
-605430387 5928362
-989037851 9832884
-97633375 1616581
-177654285 2287159
-983491968 9732644
-404334129 4370334
-894183969 8852671
-774647568 7323097
-421298549 4475527
-826846005 8017074
-285344267 3324038
-732275652 6929696
-608290700 5969781
-330271344 3828157
-560288333 5570515
-964436662 9509171
-968450841 9547203
-46307728 1220347
-697706779 6658435
-217585437 2584303
-955016584 9424916
-355076422 3946970
-102520114 1666912
-413818742 4438125
-312730253 3689588
-197532363 2416683
-559023085 5550340
-734756284 6943551
-392887460 4212727
-245569274 2730662
-252657023 2822534
-76350142 1470413
-873764886 8622843
-89865161 1600368
-906210929 9018392
-924424041 9183588
-725669201 6893537
-298177476 3516068
-267079611 3124409
-295773263 3451560
-902117382 8997996
-77854675 1484298
-596070307 5816237
-304896261 3622254
-807215401 7732349
-495531820 5054941
-449815159 4688714
-933140658 9298055
-888862888 8778711
-760516533 7230643
-405236882 4381027
-628179773 6122129
-150845978 2159494
-439246958 4626240
-362257445 3972081
-309848671 3660888
-410622641 4431741
-717618269 6840673
-696556069 6657900
-759917842 7229279
-234569002 2654716
-984016324 9793824
-869078097 8535756
-844536618 8188157
-433935972 4599176
-278859916 3241176
-866882356 8519905
-310583782 3663500
-979130955 9627741
-804860718 7723778
-656000693 6295796
-866161489 8489410
-450964890 4700699
-573761024 5662001
-185859895 2309591
-570797257 5638882
-771670015 7296557
-313554538 3694599
-48201030 1222592
-675529998 6508053
-277863199 3196562
-783025119 7457630
-293778527 3442534
-562510251 5583378
-930031493 9270296
-890379512 8827285
-23492588 1086551
-155046633 2185019
-49103315 1230074
-250895737 2795196
-952917824 9393837
-353889391 3919611
-863415048 8473148
-57203939 1273130
-673269114 6490001
-999643136 9984998
-567228520 5621293
-147399465 2121617
-317620237 3763455
-381228144 4076436
-840974117 8151242
-744578818 6999075
-960493265 9493603
-84157220 1557677
-922844818 9175421
-163602 1000419
-538621806 5416958
-916093677 9137592
-632675716 6149303
-3433254 1013374
-876730313 8654982
-132537384 2013055
-775521333 7348583
-981679645 9709251
-825443952 8008577
-422784998 4492592
-169573983 2275508
-605555503 5950816
-295111362 3444126
-840781670 8140463
-426015062 4527203
-996846119 9956213
-436525835 4614878
-72873740 1437985
-249473708 2775431
-963188662 9507834
-980029160 9665946
-412749661 4436503
-739473673 6981217
-633464404 6160066
-203158052 2477590
-145873662 2096297
-127354472 1985852
-955389322 9433563
-980305056 9685960
-824686102 7970234
-307180821 3632773
-247175818 2748616
-624488682 6096478
-507476363 5183391
-922867970 9178871
-494928012 5034441
-915122754 9115471
-473184525 4894655
-161131083 2194406
-740886810 6985187
-647984743 6220542
-741859260 6985238
-466496505 4785179
-528641917 5362145
-841256943 8160493
-755719629 7159373
-750237450 7087362
-773049948 7301915
-961394558 9503720
-256645589 2920812
-891321627 8829140
-804301406 7714018
-389885482 4154913
-405213142 4373633
-899040849 8917126
-825679578 8011776
-37019957 1129801
-304914713 3627156
-590035364 5742430
-449097478 4682385
-336000876 3848416
-38613499 1161835
-442680476 4634411
-923176606 9180746
-5552962 1020197
-406243981 4416238
-236285429 2676200
-32142812 1112578
-678656891 6534640
-979815332 9664677
-483327725 4985830
-628982691 6122448
-453208446 4723854
-373430225 4003246
-545526063 5462115
-651907458 6294335
-201284693 2466500
-18239255 1071962
-548581179 5477463
-646982284 6190207
-661161872 6326305
-869157195 8548168
-703738771 6718508
-786311855 7513932
-479730589 4949589
-265666229 3079482
-80741220 1515272
-242669667 2729512
-367432608 3976618
-795264342 7600222
-907987916 9058030
-737049591 6972965
-84612609 1561606
-708829914 6767610
-925726957 9199276
-239428786 2710297
-664184038 6340677
-716542884 6837703
-798704039 7629336
-670969420 6395244
-920244826 9155201
-906386708 9027938
-405670025 4387793
-67331762 1388852
-263411387 3033410
-454374483 4725940
-63867199 1307721
-896734222 8881997
-909736512 9067104
-766371748 7278955
-237224671 2692269
-204986236 2524224
-897209792 8892520
-817516269 7820734
-299543536 3571391
-818208361 7824184
-600997952 5855478
-600604516 5853085
-860657789 8459292
-818370976 7834372
-314592410 3696396
-75541814 1445692
-297276816 3462791
-970542683 9553509
-777624275 7360642
-107798604 1731185
-878233222 8719229
-478460106 4923439
-898353168 8912086
-454846574 4730702
-404011661 4348481
-109688761 1754864
-782329405 7450286
-980296945 9685615
-636348553 6170391
-504734557 5166436
-115488237 1880177
-368214800 3981784
-822306098 7903938
-368770396 3985746
-986293112 9825041
-481841149 4976478
-755917910 7187922
-468563272 4808465
-623407368 6069953
-757487634 7193732
-875080068 8632640
-785756669 7507220
-289204647 3387078
-950535480 9381678
-849089651 8261912
-563912165 5587850
-859622705 8440871
-777864689 7366463
-274908561 3192741
-455584026 4734687
-974082707 9564955
-484438143 4997795
-273295731 3185192
-521221281 5307153
-375335741 4018797
-409593445 4419732
-734120851 6933779
-123333050 1969065
-622476982 6050300
-697932829 6706620
-841887332 8166818
-976492395 9619250
-749087201 7074524
-810736074 7765658
-981564080 9693257
-808710361 7741689
-35416061 1125712
-428366103 4577020
-112322394 1762334
-45807516 1205454
-445249830 4662643
-788689656 7557952
-836025471 8092262
-331280630 3841080
-289125991 3338092
-258470250 3014221
-812707262 7778341
-248078297 2773223
-929098471 9268822
-416218453 4449901
-283088889 3302691
-111471316 1760424
-688085835 6626676
-549118518 5486039
-112466692 1781531
-813369000 7780852
-778530710 7385442
-595240240 5806672
-833444411 8055971
-871301559 8569164
-881985362 8771021
-68692468 1405410
-547038166 5476005
-391990268 4211699
-875978817 8641972
-872636077 8606729
-334098373 3846094
-300911982 3607713
-755853846 7185780
-429604820 4598059
-73170934 1441934
-141296106 2066810
-389456806 4145211
-755449537 7154241
-200115208 2445769
-13720240 1038768
-570372104 5635040
-343574758 3875645
-954647783 9418390
-802162296 7670942
-854795662 8363617
-848947596 8240373
-848865572 8230609
-73853816 1442215
-199521686 2442789
-362093784 3959344
-875024546 8631512
-870493902 8548350
-287508191 3337604
-55762899 1244406
-456573759 4745507
-955937899 9457969
-481018466 4959391
-591873661 5769880
-798448852 7627146
-784937766 7476625
-68358579 1400747
-742834640 6997187
-859557115 8440394
-310863842 3674497
-253599857 2835349
-816378499 7793649
-696153099 6655083
-709774069 6785377
-849404053 8284318
-822124477 7891255
-484061792 4985934
-773326582 7304541
-569719562 5628096
-257874949 2923942
-895748167 8875205
-859019201 8409152
-751065412 7094784
-915858567 9117574
-652440732 6295415
-20668406 1075292
-997876134 9960493
-560151259 5553590
-717252486 6840660
-161519679 2199945
-240228993 2729407
-318317919 3784795
-646923566 6189973
-93232759 1614316
-84725481 1570406
-587593913 5734986
-290025597 3397017
-154320118 2182246
-586586356 5723051
-44091532 1182736
-437395279 4621420
-523893723 5320098
-81248627 1542488
-300639823 3585526
-500956433 5133224
-377688912 4018896
-264793277 3062000
-790016491 7589522
-345448613 3880167
-210683023 2577181
-873157644 8614557
-932625948 9295677
-832638747 8043795
-810718839 7759901
-693352129 6651838
-511274823 5201636
-659666895 6324042
-739557017 6982122
-143828592 2086357
-560751372 5580331
-347756370 3884861
-624227675 6074850
-855494884 8401442
-63624292 1304293
-591512362 5757531
-304035515 3610028
-935876531 9301377
-535402051 5415641
-527337785 5336943
-482393086 4977078
-785586614 7492746
-754753989 7137317
-161021592 2189204
-966874827 9519152
-837432753 8100851
-370395443 3986991
-829665989 8043058
-804952208 7727471
-899094880 8958825
-678694633 6535957
-758175504 7206591
-999219724 9974198
-255020424 2904490
-482431380 4984943
-687762129 6618697
-148358133 2140654
-816375946 7786715
-467751563 4804836
-785025950 7492310
-101163744 1637373
-498479459 5117821
-323569850 3802569
-872098961 8577439
-711360300 6794526
-147199629 2107776
-795811228 7613263
-859665722 8442169
-671542880 6403646
-489281094 5028181
-247988112 2772455
-533970882 5408192
-734047451 6931481
-194692908 2383987
-597121594 5821698
-904559784 9016947
-693968358 6653865
-471234174 4872196
-731779282 6921835
-621927458 6049672
-66255154 1371122
-161462520 2197124
-479640536 4947386
-378808586 4032960
-824928007 7992327
-659470515 6321439
-866208373 8493028
-723013831 6885666
-572725213 5647944
-827621197 8033999
-930596020 9284185
-600523537 5852182
-607874085 5964293
-761063386 7234748
-1601103 1003728
-508150331 5188444
-479375799 4932184
-396994435 4282732
-256036252 2910129
-586686558 5723479
-999469494 9977064
-290425657 3412060
-788475159 7544200
-546481258 5465469
-610876033 6004315
-609833280 6000915
-806002850 7729127
-907678955 9048481
-960382475 9490992
-463737537 4771746
-870877248 8563057
-478382931 4921436
-403811007 4337276
-282178838 3284418
-921157977 9173242
-944852668 9333578
-633103397 6149999
-901268270 8994274
-461015720 4761419
-651695321 6289232
-942006504 9330480
-509414564 5191093
-716373832 6823340
-579197997 5685435
-635364338 6168636
-371735097 3996301
-613748200 6015307
-434434357 4614821
-207837020 2553971
-989224761 9841219
-393053856 4234960
-399759601 4295176
-11789188 1038724
-462411652 4765293
-517658314 5283268
-930290774 9283673
-205614681 2529857
-5306338 1013760
-926457231 9216230
-618476139 6030719
-800169038 7662059
-667814402 6371178
-851851576 8298338
-803780676 7705977
-436626315 4619142
-614123096 6021533
-339474038 3852212
-263632010 3035171
-846434612 8196540
-835202299 8089363
-893530298 8836632
-763862915 7259633
-921783304 9174314
-511540475 5244693
-292858435 3432705
-393769390 4259605
-56918956 1259911
-136094201 2031448
-854378760 8351202
-343067720 3875568
-925224445 9198810
-419073789 4461778
-65657579 1339281
-677512100 6526189
-726091441 6905998
-752067719 7094995
-604538127 5910643
-974749272 9598311
-753398130 7101248
-850669384 8291178
-266057348 3109389
-975482178 9616273
-264965461 3079187
-982334765 9712961
-254555372 2887962
-673203056 6471942
-399249327 4293878
-248355005 2775275
-490225248 5028365
-299305205 3555789
-30539289 1100593
-57800933 1276793
-710727912 6792730
-327403684 3821087
-115357920 1794768
-727493900 6908903
-297112771 3462633
-394296281 4263279
-753891707 7137257
-402002130 4318868
-818370838 7826993
-144080328 2093238
-223661616 2603825
-703811348 6722679
-629176644 6130793
-521559447 5310190
-870563765 8553769
-113852696 1785101
-555889645 5518109
-691348286 6640990
-312576986 3675784
-69441366 1417111
-793359136 7595121
-192874749 2371051
-89806338 1592812
-510477966 5196582
-591024025 5751238
-854205730 8344476
-189818364 2328428
-992245999 9882134
-390107837 4180102
-470227694 4837258
-782663716 7450823
-930228004 9276977
-713496683 6807623
-390124501 4195797
-397081527 4286273
-141005859 2066245
-877760440 8675662
-278385511 3217759
-420909726 4472566
-795390665 7608125
-658703568 6311608
-511697372 5255095
-855329386 8366765
-202361207 2475310
-975156192 9615032
-443681329 4641708
-83557977 1551111
-121914534 1947463
-619340305 6040322
-765665102 7275279
-324010573 3803232
-619350821 6042791
-609570882 5995741
-415160843 4440303
-953344327 9411039
-76016400 1470226
-860429169 8452403
-109264831 1742190
-833614294 8066556
-651690120 6247022
-238338595 2702809
-510591853 5200102
-353833595 3917225
-882699337 8771714
-15549689 1047914
-358552407 3954790
-466006138 4774613
-160522425 2185723
-105387392 1720975
-758352104 7220457
-32471461 1115616
-920872300 9172181
-164155338 2211340
-972145603 9554173
-995568699 9944961
-189936759 2335639
-450285470 4689138
-594828366 5791041
-990548988 9859151
-198422400 2427350
-250007059 2791014
-900968777 8993609
-387316415 4089723
-73145713 1438306
-427751721 4547224
-528122747 5362077
-470617831 4859944
-552670302 5500801
-880993429 8754510
-639679453 6189697
-873486621 8619501
-595176851 5804172
-690331266 6627639
-54468415 1234561
-441180633 4631912
-197463655 2406241
-405806666 4404695
-278472780 3224057
-779658551 7442707
-167308770 2217964
-881607458 8768072
-993462382 9889358
-246444241 2747828
-514550981 5264089
-354417471 3945652
-293060772 3433234
-309378039 3634395
-330708428 3840720
-388674628 4100149
-266831641 3116306
-704187796 6743083
-27142852 1092461
-565223523 5608809
-812164562 7776130
-686990284 6571529
-357273170 3947969
-827301942 8021421
-746841189 7019198
-575277572 5670769
-65586449 1312108
-687735893 6597327
-842816127 8174754
-499823449 5131623
-254690945 2890721
-821294075 7878677
-199582913 2443440
-950484337 9376153
-623963411 6073924
-448806447 4664050
-264362732 3061533
-709653747 6780774
-428497643 4580821
-352921893 3913354
-418869624 4451664
-486918017 5004999
-507388575 5175098
-639326249 6178563
-890122631 8788147
-43256057 1174308
-148453485 2142597
-389052946 4128015
-289488242 3390141
-587583991 5728931
-215991960 2584164
-782249027 7447077
-997553879 9957188
-945640536 9341403
-770261346 7295583
-92203045 1612810
-130438386 2007291
-823863791 7968070
-270439313 3155120
